Head Pose,Left Arm Pose,Right Arm Pose,Left Hand (25x3),Right Hand (25x3)
"[[0.0, 0.0, 0.0, 0.0], [0.0, 0.0, 0.0, 0.0], [0.0, 0.0, 0.0, 0.0], [0.0, 0.0, 0.0, 0.0]]","[[0.0, 0.0, 0.0, 0.0], [0.0, 0.0, 0.0, 0.0], [0.0, 0.0, 0.0, 0.0], [0.0, 0.0, 0.0, 0.0]]","[[0.0, 0.0, 0.0, 0.0], [0.0, 0.0, 0.0, 0.0], [0.0, 0.0, 0.0, 0.0], [0.0, 0.0, 0.0, 0.0]]","[[0.0, 0.0, 0.0], [0.0, 0.0, 0.0], [0.0, 0.0, 0.0], [0.0, 0.0, 0.0], [0.0, 0.0, 0.0], [0.0, 0.0, 0.0], [0.0, 0.0, 0.0], [0.0, 0.0, 0.0], [0.0, 0.0, 0.0], [0.0, 0.0, 0.0], [0.0, 0.0, 0.0], [0.0, 0.0, 0.0], [0.0, 0.0, 0.0], [0.0, 0.0, 0.0], [0.0, 0.0, 0.0], [0.0, 0.0, 0.0], [0.0, 0.0, 0.0], [0.0, 0.0, 0.0], [0.0, 0.0, 0.0], [0.0, 0.0, 0.0], [0.0, 0.0, 0.0], [0.0, 0.0, 0.0], [0.0, 0.0, 0.0], [0.0, 0.0, 0.0], [0.0, 0.0, 0.0]]","[[0.0, 0.0, 0.0], [0.0, 0.0, 0.0], [0.0, 0.0, 0.0], [0.0, 0.0, 0.0], [0.0, 0.0, 0.0], [0.0, 0.0, 0.0], [0.0, 0.0, 0.0], [0.0, 0.0, 0.0], [0.0, 0.0, 0.0], [0.0, 0.0, 0.0], [0.0, 0.0, 0.0], [0.0, 0.0, 0.0], [0.0, 0.0, 0.0], [0.0, 0.0, 0.0], [0.0, 0.0, 0.0], [0.0, 0.0, 0.0], [0.0, 0.0, 0.0], [0.0, 0.0, 0.0], [0.0, 0.0, 0.0], [0.0, 0.0, 0.0], [0.0, 0.0, 0.0], [0.0, 0.0, 0.0], [0.0, 0.0, 0.0], [0.0, 0.0, 0.0], [0.0, 0.0, 0.0]]"
"[[1.0, 0.0, 0.0, -0.5000000000000001], [0.0, 1.0, 0.0, 0.7499999999999999], [0.0, 0.0, 1.0, 0.8000000000000002], [0.0, 0.0, 0.0, 1.0]]","[[0.0, 0.0, 0.0, 0.0], [0.0, 0.0, 0.0, 0.0], [0.0, 0.0, 0.0, 0.0], [0.0, 0.0, 0.0, 0.0]]","[[0.0, 0.0, 0.0, 0.0], [0.0, 0.0, 0.0, 0.0], [0.0, 0.0, 0.0, 0.0], [0.0, 0.0, 0.0, 0.0]]","[[0.0, 0.0, 0.0], [0.0, 0.0, 0.0], [0.0, 0.0, 0.0], [0.0, 0.0, 0.0], [0.0, 0.0, 0.0], [0.0, 0.0, 0.0], [0.0, 0.0, 0.0], [0.0, 0.0, 0.0], [0.0, 0.0, 0.0], [0.0, 0.0, 0.0], [0.0, 0.0, 0.0], [0.0, 0.0, 0.0], [0.0, 0.0, 0.0], [0.0, 0.0, 0.0], [0.0, 0.0, 0.0], [0.0, 0.0, 0.0], [0.0, 0.0, 0.0], [0.0, 0.0, 0.0], [0.0, 0.0, 0.0], [0.0, 0.0, 0.0], [0.0, 0.0, 0.0], [0.0, 0.0, 0.0], [0.0, 0.0, 0.0], [0.0, 0.0, 0.0], [0.0, 0.0, 0.0]]","[[0.0, 0.0, 0.0], [0.0, 0.0, 0.0], [0.0, 0.0, 0.0], [0.0, 0.0, 0.0], [0.0, 0.0, 0.0], [0.0, 0.0, 0.0], [0.0, 0.0, 0.0], [0.0, 0.0, 0.0], [0.0, 0.0, 0.0], [0.0, 0.0, 0.0], [0.0, 0.0, 0.0], [0.0, 0.0, 0.0], [0.0, 0.0, 0.0], [0.0, 0.0, 0.0], [0.0, 0.0, 0.0], [0.0, 0.0, 0.0], [0.0, 0.0, 0.0], [0.0, 0.0, 0.0], [0.0, 0.0, 0.0], [0.0, 0.0, 0.0], [0.0, 0.0, 0.0], [0.0, 0.0, 0.0], [0.0, 0.0, 0.0], [0.0, 0.0, 0.0], [0.0, 0.0, 0.0]]"
"[[0.847998304005088, 0.32982091628272336, -0.4148699068225112, -0.5000000000000001], [0.0, 0.7827749746443304, 0.6223048602337666, 0.7499999999999999], [0.5299989400031799, -0.5277134660523575, 0.663791850916018, 0.8000000000000002], [0.0, 0.0, 0.0, 1.0]]","[[0.0, 0.0, 0.0, 0.0], [0.0, 0.0, 0.0, 0.0], [0.0, 0.0, 0.0, 0.0], [0.0, 0.0, 0.0, 0.0]]","[[0.0, 0.0, 0.0, 0.0], [0.0, 0.0, 0.0, 0.0], [0.0, 0.0, 0.0, 0.0], [0.0, 0.0, 0.0, 0.0]]","[[0.0, 0.0, 0.0], [0.0, 0.0, 0.0], [0.0, 0.0, 0.0], [0.0, 0.0, 0.0], [0.0, 0.0, 0.0], [0.0, 0.0, 0.0], [0.0, 0.0, 0.0], [0.0, 0.0, 0.0], [0.0, 0.0, 0.0], [0.0, 0.0, 0.0], [0.0, 0.0, 0.0], [0.0, 0.0, 0.0], [0.0, 0.0, 0.0], [0.0, 0.0, 0.0], [0.0, 0.0, 0.0], [0.0, 0.0, 0.0], [0.0, 0.0, 0.0], [0.0, 0.0, 0.0], [0.0, 0.0, 0.0], [0.0, 0.0, 0.0], [0.0, 0.0, 0.0], [0.0, 0.0, 0.0], [0.0, 0.0, 0.0], [0.0, 0.0, 0.0], [0.0, 0.0, 0.0]]","[[0.0, 0.0, 0.0], [0.0, 0.0, 0.0], [0.0, 0.0, 0.0], [0.0, 0.0, 0.0], [0.0, 0.0, 0.0], [0.0, 0.0, 0.0], [0.0, 0.0, 0.0], [0.0, 0.0, 0.0], [0.0, 0.0, 0.0], [0.0, 0.0, 0.0], [0.0, 0.0, 0.0], [0.0, 0.0, 0.0], [0.0, 0.0, 0.0], [0.0, 0.0, 0.0], [0.0, 0.0, 0.0], [0.0, 0.0, 0.0], [0.0, 0.0, 0.0], [0.0, 0.0, 0.0], [0.0, 0.0, 0.0], [0.0, 0.0, 0.0], [0.0, 0.0, 0.0], [0.0, 0.0, 0.0], [0.0, 0.0, 0.0], [0.0, 0.0, 0.0], [0.0, 0.0, 0.0]]"
"[[1.0, 0.0, 0.0, 0.0], [0.0, 1.0, 0.0, 0.0], [0.0, 0.0, 1.0, 0.0], [0.0, 0.0, 0.0, 1.0]]","[[0.0, 0.0, 0.0, 0.0], [0.0, 0.0, 0.0, 0.0], [0.0, 0.0, 0.0, 0.0], [0.0, 0.0, 0.0, 0.0]]","[[0.0, 0.0, 0.0, 0.0], [0.0, 0.0, 0.0, 0.0], [0.0, 0.0, 0.0, 0.0], [0.0, 0.0, 0.0, 0.0]]","[[0.0, 0.0, 0.0], [0.0, 0.0, 0.0], [0.0, 0.0, 0.0], [0.0, 0.0, 0.0], [0.0, 0.0, 0.0], [0.0, 0.0, 0.0], [0.0, 0.0, 0.0], [0.0, 0.0, 0.0], [0.0, 0.0, 0.0], [0.0, 0.0, 0.0], [0.0, 0.0, 0.0], [0.0, 0.0, 0.0], [0.0, 0.0, 0.0], [0.0, 0.0, 0.0], [0.0, 0.0, 0.0], [0.0, 0.0, 0.0], [0.0, 0.0, 0.0], [0.0, 0.0, 0.0], [0.0, 0.0, 0.0], [0.0, 0.0, 0.0], [0.0, 0.0, 0.0], [0.0, 0.0, 0.0], [0.0, 0.0, 0.0], [0.0, 0.0, 0.0], [0.0, 0.0, 0.0]]","[[0.0, 0.0, 0.0], [0.0, 0.0, 0.0], [0.0, 0.0, 0.0], [0.0, 0.0, 0.0], [0.0, 0.0, 0.0], [0.0, 0.0, 0.0], [0.0, 0.0, 0.0], [0.0, 0.0, 0.0], [0.0, 0.0, 0.0], [0.0, 0.0, 0.0], [0.0, 0.0, 0.0], [0.0, 0.0, 0.0], [0.0, 0.0, 0.0], [0.0, 0.0, 0.0], [0.0, 0.0, 0.0], [0.0, 0.0, 0.0], [0.0, 0.0, 0.0], [0.0, 0.0, 0.0], [0.0, 0.0, 0.0], [0.0, 0.0, 0.0], [0.0, 0.0, 0.0], [0.0, 0.0, 0.0], [0.0, 0.0, 0.0], [0.0, 0.0, 0.0], [0.0, 0.0, 0.0]]"
"[[0.9999995827675049, -0.00022719062515034547, -0.0008535013400820699, 9.164246360380406e-05], [0.000208984567439526, 0.9997737407692641, -0.021270878652056017, -0.025979268395994216], [0.0008581407385075783, 0.021270692309419366, 0.9997733831397145, -0.01654364397489882], [0.0, 0.0, 0.0, 1.0]]","[[0.0, 0.0, 0.0, 0.0], [0.0, 0.0, 0.0, 0.0], [0.0, 0.0, 0.0, 0.0], [0.0, 0.0, 0.0, 0.0]]","[[0.0, 0.0, 0.0, 0.0], [0.0, 0.0, 0.0, 0.0], [0.0, 0.0, 0.0, 0.0], [0.0, 0.0, 0.0, 0.0]]","[[0.0, 0.0, 0.0], [0.0, 0.0, 0.0], [0.0, 0.0, 0.0], [0.0, 0.0, 0.0], [0.0, 0.0, 0.0], [0.0, 0.0, 0.0], [0.0, 0.0, 0.0], [0.0, 0.0, 0.0], [0.0, 0.0, 0.0], [0.0, 0.0, 0.0], [0.0, 0.0, 0.0], [0.0, 0.0, 0.0], [0.0, 0.0, 0.0], [0.0, 0.0, 0.0], [0.0, 0.0, 0.0], [0.0, 0.0, 0.0], [0.0, 0.0, 0.0], [0.0, 0.0, 0.0], [0.0, 0.0, 0.0], [0.0, 0.0, 0.0], [0.0, 0.0, 0.0], [0.0, 0.0, 0.0], [0.0, 0.0, 0.0], [0.0, 0.0, 0.0], [0.0, 0.0, 0.0]]","[[0.0, 0.0, 0.0], [0.0, 0.0, 0.0], [0.0, 0.0, 0.0], [0.0, 0.0, 0.0], [0.0, 0.0, 0.0], [0.0, 0.0, 0.0], [0.0, 0.0, 0.0], [0.0, 0.0, 0.0], [0.0, 0.0, 0.0], [0.0, 0.0, 0.0], [0.0, 0.0, 0.0], [0.0, 0.0, 0.0], [0.0, 0.0, 0.0], [0.0, 0.0, 0.0], [0.0, 0.0, 0.0], [0.0, 0.0, 0.0], [0.0, 0.0, 0.0], [0.0, 0.0, 0.0], [0.0, 0.0, 0.0], [0.0, 0.0, 0.0], [0.0, 0.0, 0.0], [0.0, 0.0, 0.0], [0.0, 0.0, 0.0], [0.0, 0.0, 0.0], [0.0, 0.0, 0.0]]"
"[[0.9998459815971731, 0.0159384720096278, 0.007349500736203974, 0.006506544170642322], [-0.01676376722064735, 0.9912522436264557, 0.13091215572808557, 1.1129051525513636], [-0.005198669316264803, -0.13101519562746713, 0.9913667439350029, -0.006422939133756692], [0.0, 0.0, 0.0, 1.0]]","[[0.3892347812652588, -0.479828417301178, -0.7862957119941711, -0.21681475639343262], [0.846371591091156, 0.5231756567955017, 0.09971145540475845, 0.7587021589279175], [0.36352643370628357, -0.7043095231056213, 0.609751284122467, -0.0784902423620224], [0.0, 0.0, 0.0, 1.0]]","[[0.5785409212112427, 0.8112971186637878, 0.08418595045804977, 0.18810850381851196], [-0.2385978102684021, 0.2670312821865082, -0.9336836934089661, 0.8182632923126221], [-0.7799752354621887, 0.5200875997543335, 0.34806227684020996, -0.1146925613284111], [0.0, 0.0, 0.0, 1.0]]","[[-0.21681475639343262, 0.7587021589279175, -0.0784902423620224], [-0.18386141955852509, 0.7671995162963867, -0.08156919479370117], [-0.1337714046239853, 0.7685784697532654, -0.08604367822408676], [-0.10806065797805786, 0.7557632327079773, -0.09536214917898178], [-0.08529027551412582, 0.7437359690666199, -0.10226874053478241], [-0.18950574100017548, 0.7702311277389526, -0.08782529830932617], [-0.1352909952402115, 0.771820604801178, -0.1195809617638588], [-0.09925955533981323, 0.7518019080162048, -0.13012400269508362], [-0.07990038394927979, 0.7381830811500549, -0.12972281873226166], [-0.06289158761501312, 0.725275456905365, -0.12683725357055664], [-0.19384749233722687, 0.7588719725608826, -0.09141810238361359], [-0.1447717547416687, 0.7531189322471619, -0.12738101184368134], [-0.10605312883853912, 0.7321478724479675, -0.13639263808727264], [-0.08405642211437225, 0.7152780890464783, -0.1302560716867447], [-0.06769257038831711, 0.7008774876594543, -0.1246623694896698], [-0.19882312417030334, 0.7467696666717529, -0.09367650747299194], [-0.15527215600013733, 0.73541659116745, -0.13206589221954346], [-0.12000683695077896, 0.7162622809410095, -0.14011439681053162], [-0.09924376755952835, 0.701843798160553, -0.13457199931144714], [-0.08320552110671997, 0.6901809573173523, -0.12808109819889069], [-0.20546260476112366, 0.7330945134162903, -0.09638230502605438], [-0.16909892857074738, 0.721112847328186, -0.1313725709915161], [-0.139497771859169, 0.7053035497665405, -0.13986346125602722], [-0.1241057738661766, 0.6955817937850952, -0.137718066573143], [-0.1091872900724411, 0.6854893565177917, -0.13276506960391998]]","[[0.18810850381851196, 0.8182632923126221, -0.1146925613284111], [0.16472727060317993, 0.8426735401153564, -0.11344260722398758], [0.12913484871387482, 0.8711472749710083, -0.1402094066143036], [0.11667803674936295, 0.8900178670883179, -0.16227440536022186], [0.10585720837116241, 0.9066569805145264, -0.18322820961475372], [0.17517247796058655, 0.846198320388794, -0.10971744358539581], [0.16267095506191254, 0.9128146767616272, -0.12465909868478775], [0.14505985379219055, 0.9348216652870178, -0.15848161280155182], [0.12945961952209473, 0.9334986805915833, -0.1770872175693512], [0.11475232988595963, 0.9284118413925171, -0.19269663095474243], [0.18211187422275543, 0.8447599411010742, -0.12055715173482895], [0.17666487395763397, 0.906396210193634, -0.14368784427642822], [0.14233984053134918, 0.9082647562026978, -0.17605769634246826], [0.14156574010849, 0.882062554359436, -0.16654716432094574], [0.15372781455516815, 0.8738718032836914, -0.1515054851770401], [0.18837571144104004, 0.8415442109107971, -0.1318315863609314], [0.18715794384479523, 0.898749589920044, -0.1594575047492981], [0.1520608365535736, 0.8936063051223755, -0.1815369725227356], [0.1521068811416626, 0.869333028793335, -0.17251139879226685], [0.16778108477592468, 0.8640097975730896, -0.16042786836624146], [0.19584454596042633, 0.8368484377861023, -0.144317165017128], [0.19636547565460205, 0.8845754861831665, -0.16992108523845673], [0.16782882809638977, 0.8806577920913696, -0.18781375885009766], [0.16435691714286804, 0.864311158657074, -0.18141576647758484], [0.17689156532287598, 0.8586966395378113, -0.16971227526664734]]"
"[[0.9998647570684543, 0.015261839601474342, 0.006125099064343591, 0.005833062433610999], [-0.015937089462501466, 0.9911189080525821, 0.13202026584804538, 1.1127415357862753], [-0.004055829214370827, -0.132100029795761, 0.9912281035063877, -0.006400782056204278], [0.0, 0.0, 0.0, 1.0]]","[[0.32509666681289673, -0.5321096181869507, -0.7817744612693787, -0.2161015421152115], [0.8437931537628174, 0.5364787578582764, -0.01426397729665041, 0.7723352909088135], [0.42699533700942993, -0.6550188660621643, 0.6233980655670166, -0.0769774541258812], [0.0, 0.0, 0.0, 1.0]]","[[0.573901355266571, 0.8149654865264893, 0.08042681962251663, 0.18835508823394775], [-0.24106059968471527, 0.26197734475135803, -0.9344825148582458, 0.8180808424949646], [-0.7826409935951233, 0.5169130563735962, 0.34680524468421936, -0.11492286622524261], [0.0, 0.0, 0.0, 1.0]]","[[-0.2161015421152115, 0.7723352909088135, -0.0769774541258812], [-0.18401050567626953, 0.7836723327636719, -0.07981934398412704], [-0.1341644823551178, 0.7878984212875366, -0.08496007323265076], [-0.10734245926141739, 0.7778464555740356, -0.09551297873258591], [-0.08377526700496674, 0.767636239528656, -0.10365866869688034], [-0.1902608424425125, 0.7870493531227112, -0.085675448179245], [-0.13689765334129333, 0.7956066131591797, -0.11790579557418823], [-0.09969265758991241, 0.7772045135498047, -0.1282913088798523], [-0.08000427484512329, 0.763909101486206, -0.1272641271352768], [-0.06289565563201904, 0.7511439919471741, -0.1236494854092598], [-0.19362109899520874, 0.7756588459014893, -0.0900469571352005], [-0.14476723968982697, 0.7766129970550537, -0.1271429806947708], [-0.1050347164273262, 0.7579287886619568, -0.13582314550876617], [-0.08264195919036865, 0.7416855096817017, -0.12920768558979034], [-0.06610268354415894, 0.7277072668075562, -0.1230427622795105], [-0.19757750630378723, 0.7633614540100098, -0.09312330186367035], [-0.15399476885795593, 0.7582252025604248, -0.1328820288181305], [-0.1171821653842926, 0.7415401339530945, -0.14024703204631805], [-0.09591901302337646, 0.7279161214828491, -0.13404209911823273], [-0.07966171205043793, 0.7167277932167053, -0.126836895942688], [-0.20310766994953156, 0.7493798136711121, -0.09672638028860092], [-0.16654834151268005, 0.7427548170089722, -0.1330069601535797], [-0.13533930480480194, 0.729381263256073, -0.14091330766677856], [-0.11963649839162827, 0.7205133438110352, -0.13803167641162872], [-0.1048116609454155, 0.7110724449157715, -0.13190904259681702]]","[[0.18835508823394775, 0.8180808424949646, -0.11492286622524261], [0.165117084980011, 0.8426223397254944, -0.1135927364230156], [0.1297721117734909, 0.8709240555763245, -0.14065667986869812], [0.11734145134687424, 0.8895492553710938, -0.16298793256282806], [0.106420136988163, 0.9059445261955261, -0.18409810960292816], [0.17561106383800507, 0.8460817933082581, -0.10991068184375763], [0.16342425346374512, 0.9127722978591919, -0.12480956315994263], [0.1454792320728302, 0.9348184466362, -0.15853989124298096], [0.1298200786113739, 0.9337726831436157, -0.1769833266735077], [0.11496809124946594, 0.9289795756340027, -0.19251446425914764], [0.1825287640094757, 0.8446449637413025, -0.12076033651828766], [0.17734673619270325, 0.9063240885734558, -0.14386127889156342], [0.1430351883172989, 0.9084984064102173, -0.17625416815280914], [0.14195163547992706, 0.8822990655899048, -0.1668594628572464], [0.1540752500295639, 0.8740312457084656, -0.15179629623889923], [0.18874306976795197, 0.8414103984832764, -0.1320388913154602], [0.18776613473892212, 0.8986164331436157, -0.1596335768699646], [0.1526223123073578, 0.893766462802887, -0.18173417448997498], [0.15248851478099823, 0.8694924712181091, -0.1727532595396042], [0.16814911365509033, 0.8640828728675842, -0.16070318222045898], [0.19615988433361053, 0.8366678357124329, -0.14454206824302673], [0.19687636196613312, 0.884379506111145, -0.17007294297218323], [0.16827063262462616, 0.8807109594345093, -0.18796668946743011], [0.16468310356140137, 0.864370584487915, -0.18161541223526], [0.17719049751758575, 0.8586702346801758, -0.16997922956943512]]"
"[[0.9998776316615587, 0.014295817215663968, 0.006353793981758961, 0.0053705351039614845], [-0.015014826457279156, 0.990979672103638, 0.13316826985973865, 1.1126555615559215], [-0.004392731618793599, -0.13324737085204583, 0.991073071334632, -0.006335858382907202], [0.0, 0.0, 0.0, 1.0]]","[[0.2929730713367462, -0.5610262751579285, -0.774219810962677, -0.21609129011631012], [0.8481647372245789, 0.5262774229049683, -0.06040409207344055, 0.7781513929367065], [0.44134265184402466, -0.6389691829681396, 0.6300278306007385, -0.07633518427610397], [0.0, 0.0, 0.0, 1.0]]","[[0.5782506465911865, 0.8121073246002197, 0.07815291732549667, 0.1883670836687088], [-0.24160973727703094, 0.26195186376571655, -0.9343478083610535, 0.8182938694953918], [-0.7792630791664124, 0.5214046835899353, 0.34768688678741455, -0.11487816274166107], [0.0, 0.0, 0.0, 1.0]]","[[-0.21609129011631012, 0.7781513929367065, -0.07633518427610397], [-0.18464450538158417, 0.7909585237503052, -0.0792183205485344], [-0.13460376858711243, 0.7967087030410767, -0.08460066467523575], [-0.10744214057922363, 0.787709653377533, -0.09568704664707184], [-0.08350174129009247, 0.7786265015602112, -0.10434666275978088], [-0.1912170648574829, 0.7943410873413086, -0.08487561345100403], [-0.13850128650665283, 0.8061506748199463, -0.1174396499991417], [-0.10040467977523804, 0.7893756628036499, -0.12801602482795715], [-0.08040245622396469, 0.7764931917190552, -0.12640203535556793], [-0.06317510455846786, 0.7639874815940857, -0.12203477323055267], [-0.19408251345157623, 0.7829578518867493, -0.08951960504055023], [-0.14555227756500244, 0.7870697975158691, -0.12721848487854004], [-0.10532727092504501, 0.7696549892425537, -0.13576270639896393], [-0.08302934467792511, 0.753760814666748, -0.12836463749408722], [-0.066743865609169, 0.7400186061859131, -0.1214267760515213], [-0.19749212265014648, 0.7706010937690735, -0.09288866817951202], [-0.15429915487766266, 0.7681897878646851, -0.1333010345697403], [-0.11692044883966446, 0.752996027469635, -0.14053872227668762], [-0.09564057737588882, 0.7398039102554321, -0.13358686864376068], [-0.07954002916812897, 0.7288928031921387, -0.12558460235595703], [-0.20240671932697296, 0.756504476070404, -0.0968153178691864], [-0.16623800992965698, 0.7521213293075562, -0.1336820423603058], [-0.1346927285194397, 0.7400418519973755, -0.14175716042518616], [-0.11890560388565063, 0.7315649390220642, -0.13851968944072723], [-0.10420523583889008, 0.7224473357200623, -0.1317596584558487]]","[[0.1883670836687088, 0.8182938694953918, -0.11487816274166107], [0.16514703631401062, 0.8428444266319275, -0.11361406743526459], [0.12986817955970764, 0.8709496855735779, -0.14087750017642975], [0.11757095158100128, 0.8893015384674072, -0.16344891488552094], [0.10675778985023499, 0.9054345488548279, -0.1847158670425415], [0.17564690113067627, 0.8462955355644226, -0.10990157723426819], [0.16356150805950165, 0.9129425287246704, -0.12479619681835175], [0.14549309015274048, 0.9349015951156616, -0.15861670672893524], [0.1299070119857788, 0.9338594675064087, -0.1770474910736084], [0.11513567715883255, 0.9291022419929504, -0.19258350133895874], [0.18260112404823303, 0.8448668122291565, -0.12073477357625961], [0.17755071818828583, 0.9064939618110657, -0.14383351802825928], [0.1433950811624527, 0.9086934924125671, -0.17635098099708557], [0.14223892986774445, 0.882534384727478, -0.1669880449771881], [0.15428000688552856, 0.874337911605835, -0.1518714427947998], [0.18883812427520752, 0.8416308760643005, -0.13199743628501892], [0.18802154064178467, 0.8987529277801514, -0.15954549610614777], [0.15294843912124634, 0.8939372897148132, -0.18179544806480408], [0.15277975797653198, 0.8696855306625366, -0.17283527553081512], [0.16836483776569366, 0.8643105626106262, -0.1607038825750351], [0.1962800920009613, 0.8368809223175049, -0.14448094367980957], [0.19712404906749725, 0.8845041990280151, -0.16998763382434845], [0.1686117798089981, 0.880871057510376, -0.18798142671585083], [0.16499868035316467, 0.8645509481430054, -0.1816527247428894], [0.17743434011936188, 0.8588604927062988, -0.1699559986591339]]"
"[[0.9998784065232296, 0.014217140094352019, 0.006405112209759614, 0.004968608112969053], [-0.014944283350395908, 0.9909629224843798, 0.13330098920092445, 1.1126490160702396], [-0.00445206987947974, -0.13338050312771937, 0.991054892630268, -0.006262046461351416], [0.0, 0.0, 0.0, 1.0]]","[[0.27143627405166626, -0.5948588848114014, -0.7566143870353699, -0.21639831364154816], [0.8350395560264587, 0.5364496111869812, -0.12219145148992538, 0.7833733558654785], [0.47857218980789185, -0.598635733127594, 0.6423425674438477, -0.0752122551202774], [0.0, 0.0, 0.0, 1.0]]","[[0.5837326049804688, 0.8077197670936584, 0.08273372799158096, 0.18892540037631989], [-0.23414842784404755, 0.2650270462036133, -0.9353795647621155, 0.8181207180023193], [-0.7774513363838196, 0.5266395211219788, 0.343831330537796, -0.11517266184091568], [0.0, 0.0, 0.0, 1.0]]","[[-0.21639831364154816, 0.7833733558654785, -0.0752122551202774], [-0.18554657697677612, 0.7974114418029785, -0.07818734645843506], [-0.1355428844690323, 0.805000901222229, -0.08425767719745636], [-0.10802274942398071, 0.7975976467132568, -0.09592971205711365], [-0.08338290452957153, 0.7905745506286621, -0.10485517233610153], [-0.19249136745929718, 0.8009639978408813, -0.08350136876106262], [-0.140755757689476, 0.8164982795715332, -0.11668025702238083], [-0.10156790167093277, 0.8011332750320435, -0.1272638738155365], [-0.08127225190401077, 0.7884745597839355, -0.12514978647232056], [-0.06390918791294098, 0.7760840058326721, -0.12030712515115738], [-0.19502581655979156, 0.7897856831550598, -0.08856969326734543], [-0.1473551094532013, 0.7975972294807434, -0.1271091103553772], [-0.1063915267586708, 0.781284749507904, -0.135756716132164], [-0.08422760665416718, 0.7653811573982239, -0.127804696559906], [-0.068187415599823, 0.751591145992279, -0.12042997777462006], [-0.19802778959274292, 0.777531623840332, -0.09240251779556274], [-0.15573491156101227, 0.7781882286071777, -0.1340816617012024], [-0.11786642670631409, 0.763977587223053, -0.14093276858329773], [-0.09687858074903488, 0.7507566809654236, -0.13302288949489594], [-0.08127401769161224, 0.7397761940956116, -0.1241740733385086], [-0.20247067511081696, 0.7634962201118469, -0.09684255719184875], [-0.1672661304473877, 0.7615947127342224, -0.13483792543411255], [-0.13531282544136047, 0.750146746635437, -0.14221861958503723], [-0.1196892261505127, 0.7417191863059998, -0.13809023797512054], [-0.10549356788396835, 0.7326605319976807, -0.1303628534078598]]","[[0.18892540037631989, 0.8181207180023193, -0.11517266184091568], [0.16559743881225586, 0.8425552248954773, -0.11393412202596664], [0.13031528890132904, 0.8707994818687439, -0.14131899178028107], [0.11783932894468307, 0.8892908096313477, -0.16379010677337646], [0.10643155872821808, 0.9058619141578674, -0.1845548301935196], [0.17606237530708313, 0.846061646938324, -0.11015603691339493], [0.16371184587478638, 0.9128479957580566, -0.12486782670021057], [0.14566180109977722, 0.9351018071174622, -0.1585381180047989], [0.13009284436702728, 0.9342350363731384, -0.17697899043560028], [0.11532961577177048, 0.9296208024024963, -0.1925668865442276], [0.1830718070268631, 0.8447068929672241, -0.12096993625164032], [0.17783573269844055, 0.9064858555793762, -0.14395438134670258], [0.14387942850589752, 0.9088146090507507, -0.17669035494327545], [0.14272892475128174, 0.8825826644897461, -0.1674341857433319], [0.15473094582557678, 0.8743987679481506, -0.15220928192138672], [0.18937036395072937, 0.8415248394012451, -0.13222454488277435], [0.18840019404888153, 0.898750364780426, -0.15965259075164795], [0.15348316729068756, 0.8939895033836365, -0.1821558028459549], [0.1533961296081543, 0.8696593642234802, -0.17328599095344543], [0.1689639389514923, 0.8643489480018616, -0.16103222966194153], [0.19689339399337769, 0.8368320465087891, -0.1447017937898636], [0.1976606398820877, 0.8845184445381165, -0.1701662391424179], [0.16931812465190887, 0.880894660949707, -0.18840257823467255], [0.16570468246936798, 0.8645091652870178, -0.18213260173797607], [0.17807680368423462, 0.8588272929191589, -0.17030936479568481]]"
"[[0.9998697638521449, 0.014714937716742798, 0.006625930790991754, 0.004435533563093493], [-0.015470483280698019, 0.990856409065615, 0.13403074438630053, 1.1125552498927271], [-0.004593092004566222, -0.13411580030860007, 0.9909549951616229, -0.006041813642924922], [0.0, 0.0, 0.0, 1.0]]","[[0.22682571411132812, -0.6378889083862305, -0.735967218875885, -0.21595372259616852], [0.8356578946113586, 0.5155878067016602, -0.18932779133319855, 0.7876284718513489], [0.5002257823944092, -0.572072446346283, 0.6500055193901062, -0.07457553595304489], [0.0, 0.0, 0.0, 1.0]]","[[0.5828258991241455, 0.8080630898475647, 0.08571948111057281, 0.1890607476234436], [-0.23207733035087585, 0.26662084460258484, -0.9354427456855774, 0.8183820843696594], [-0.7787514925003052, 0.5253065824508667, 0.3429267704486847, -0.1152091696858406], [0.0, 0.0, 0.0, 1.0]]","[[-0.21595372259616852, 0.7876284718513489, -0.07457553595304489], [-0.18591630458831787, 0.8032848834991455, -0.07764395326375961], [-0.13658499717712402, 0.81418776512146, -0.08375101536512375], [-0.10907777398824692, 0.8085221648216248, -0.09627790004014969], [-0.08426281064748764, 0.8032436966896057, -0.1059245839715004], [-0.19326569139957428, 0.8067795038223267, -0.08268804848194122], [-0.143255814909935, 0.8263287544250488, -0.11617795377969742], [-0.10296504944562912, 0.812842607498169, -0.1269657164812088], [-0.08228686451911926, 0.8006763458251953, -0.12443052977323532], [-0.0647362694144249, 0.7885585427284241, -0.11902649700641632], [-0.19532209634780884, 0.7957448363304138, -0.08807352185249329], [-0.14898189902305603, 0.8074765205383301, -0.12713855504989624], [-0.10735144466161728, 0.7929593324661255, -0.13635315001010895], [-0.08488863706588745, 0.777510404586792, -0.12827719748020172], [-0.06888400763273239, 0.7639134526252747, -0.12037821859121323], [-0.19774995744228363, 0.7835491895675659, -0.0922553613781929], [-0.15651807188987732, 0.7877050638198853, -0.1346382349729538], [-0.1182534396648407, 0.774828314781189, -0.14134204387664795], [-0.09760492295026779, 0.7616539001464844, -0.13231605291366577], [-0.08299128711223602, 0.7505490779876709, -0.12200705707073212], [-0.20152460038661957, 0.7695115208625793, -0.09708233922719955], [-0.16712799668312073, 0.7705905437469482, -0.13573779165744781], [-0.134728342294693, 0.7601892352104187, -0.14222538471221924], [-0.1193154975771904, 0.7519397735595703, -0.1368100941181183], [-0.10597865283489227, 0.7430611252784729, -0.1274981051683426]]","[[0.1890607476234436, 0.8183820843696594, -0.1152091696858406], [0.16569775342941284, 0.8427339792251587, -0.11393658071756363], [0.1304108053445816, 0.8709186911582947, -0.1413010209798813], [0.11803092062473297, 0.8892014622688293, -0.16399283707141876], [0.1064067929983139, 0.9056816697120667, -0.1846543252468109], [0.1761617213487625, 0.8462625741958618, -0.11016225069761276], [0.16369585692882538, 0.9129984378814697, -0.12479954212903976], [0.1453387439250946, 0.935122549533844, -0.15850546956062317], [0.12977981567382812, 0.9342744946479797, -0.17690862715244293], [0.11502853780984879, 0.9297134876251221, -0.19251984357833862], [0.1831752508878708, 0.8449519872665405, -0.12098604440689087], [0.17781482636928558, 0.9067100882530212, -0.1439255177974701], [0.14392350614070892, 0.9090378284454346, -0.17666661739349365], [0.14272448420524597, 0.8827799558639526, -0.16750819981098175], [0.15466463565826416, 0.8745128512382507, -0.15227891504764557], [0.18947221338748932, 0.8418013453483582, -0.13224934041500092], [0.1884119063615799, 0.8989880084991455, -0.1596413105726242], [0.15352757275104523, 0.8942824006080627, -0.18219240009784698], [0.15342162549495697, 0.8699275255203247, -0.17337651550769806], [0.16896335780620575, 0.8645704388618469, -0.1610911786556244], [0.19699670374393463, 0.8371410965919495, -0.1447380781173706], [0.1976766288280487, 0.884812593460083, -0.17018255591392517], [0.16938994824886322, 0.8812347054481506, -0.1884678602218628], [0.16576096415519714, 0.864827036857605, -0.18224209547042847], [0.17810127139091492, 0.8590863347053528, -0.17039094865322113]]"
"[[0.9998598098653994, 0.015165916931860497, 0.007096924859925814, 0.004114967474278594], [-0.015991295400030584, 0.9905572533424285, 0.13616369644187734, 1.1124629330317588], [-0.004964863374933888, -0.1362580957076664, 0.9906609058658723, -0.005705708571270077], [0.0, 0.0, 0.0, 1.0]]","[[0.1335841417312622, -0.7270455360412598, -0.6734687089920044, -0.2140520066022873], [0.8353773951530457, 0.4482237994670868, -0.31818240880966187, 0.7971495389938354], [0.533197820186615, -0.5200964212417603, 0.6672329902648926, -0.07325174659490585], [0.0, 0.0, 0.0, 1.0]]","[[0.586473286151886, 0.8052264451980591, 0.08751777559518814, 0.1888909935951233], [-0.22848598659038544, 0.2681336998939514, -0.9358944296836853, 0.818667471408844], [-0.7770734429359436, 0.5288805365562439, 0.3412362337112427, -0.11492221057415009], [0.0, 0.0, 0.0, 1.0]]","[[-0.2140520066022873, 0.7971495389938354, -0.07325174659490585], [-0.18600040674209595, 0.816545307636261, -0.07662377506494522], [-0.1383216381072998, 0.8333166241645813, -0.08193621039390564], [-0.11085900664329529, 0.8309439420700073, -0.09544643759727478], [-0.08614376187324524, 0.8283129334449768, -0.10628948360681534], [-0.1942332684993744, 0.8196115493774414, -0.081179678440094], [-0.14807865023612976, 0.8478710651397705, -0.1155625432729721], [-0.10644903779029846, 0.8377656936645508, -0.12712575495243073], [-0.08534254878759384, 0.8264451026916504, -0.12391873449087143], [-0.0678858608007431, 0.8147862553596497, -0.11739036440849304], [-0.1952626258134842, 0.808810830116272, -0.08708540350198746], [-0.15196146070957184, 0.8286102414131165, -0.12749040126800537], [-0.10968522727489471, 0.8184677362442017, -0.13909350335597992], [-0.08629773557186127, 0.8044720888137817, -0.13134647905826569], [-0.06993512064218521, 0.7917107939720154, -0.12288088351488113], [-0.19643382728099823, 0.7967067956924438, -0.09184261411428452], [-0.15726307034492493, 0.8083404898643494, -0.13571412861347198], [-0.11861110478639603, 0.7996528148651123, -0.14471584558486938], [-0.0965803787112236, 0.7880895137786865, -0.13696768879890442], [-0.08082675188779831, 0.7780535221099854, -0.12753307819366455], [-0.19872859120368958, 0.7826208472251892, -0.0973007082939148], [-0.16601704061031342, 0.7899013757705688, -0.1373528391122818], [-0.13280314207077026, 0.7829169631004333, -0.14447680115699768], [-0.11666826903820038, 0.7760477066040039, -0.1393490880727768], [-0.10242781788110733, 0.768435537815094, -0.13068395853042603]]","[[0.1888909935951233, 0.818667471408844, -0.11492221057415009], [0.1654195636510849, 0.8429237604141235, -0.11369054764509201], [0.12985068559646606, 0.8712041974067688, -0.1408528983592987], [0.11741890758275986, 0.8896077275276184, -0.16351088881492615], [0.10594295710325241, 0.9062682390213013, -0.1841413676738739], [0.17586055397987366, 0.8464942574501038, -0.10987460613250732], [0.16307055950164795, 0.9132200479507446, -0.12451284378767014], [0.14503346383571625, 0.9353998303413391, -0.15831562876701355], [0.1296014040708542, 0.9345091581344604, -0.17676730453968048], [0.11493504047393799, 0.9298986196517944, -0.19245319068431854], [0.1829274445772171, 0.8452545404434204, -0.12067891657352448], [0.1772775501012802, 0.906987726688385, -0.14356237649917603], [0.1436777412891388, 0.9095326662063599, -0.1765332669019699], [0.14233209192752838, 0.8831849098205566, -0.16758188605308533], [0.1539870798587799, 0.8746694922447205, -0.15235207974910736], [0.1892736554145813, 0.8421451449394226, -0.13192243874073029], [0.18806074559688568, 0.8992762565612793, -0.15935015678405762], [0.15330344438552856, 0.8946852087974548, -0.18196320533752441], [0.15315011143684387, 0.8702789545059204, -0.1732189655303955], [0.16854113340377808, 0.864772617816925, -0.16089986264705658], [0.19686156511306763, 0.8375232815742493, -0.14438758790493011], [0.19747014343738556, 0.8851704001426697, -0.16988185048103333], [0.16921542584896088, 0.8815714120864868, -0.18817804753780365], [0.16554437577724457, 0.8651465773582458, -0.1820002794265747], [0.1777721792459488, 0.859305202960968, -0.17013628780841827]]"
"[[0.9998662471759213, 0.014250312765437556, 0.008029324224186384, 0.003836902044042465], [-0.015216814520460167, 0.9904432289033939, 0.13707920349896258, 1.1124754462139428], [-0.005999168159472501, -0.13718304597079453, 0.9905275710195011, -0.0052512816491674524], [0.0, 0.0, 0.0, 1.0]]","[[0.09944643080234528, -0.7741377353668213, -0.6251568794250488, -0.21296903491020203], [0.8293559551239014, 0.41162973642349243, -0.3777957856655121, 0.8016433119773865], [0.5497991442680359, -0.480907142162323, 0.6829708814620972, -0.07265190035104752], [0.0, 0.0, 0.0, 1.0]]","[[0.5834828019142151, 0.8073911666870117, 0.08756248652935028, 0.18869516253471375], [-0.23333671689033508, 0.26993969082832336, -0.9341768026351929, 0.8188308477401733], [-0.7778828144073486, 0.5246444344520569, 0.3458992540836334, -0.11468776315450668], [0.0, 0.0, 0.0, 1.0]]","[[-0.21296903491020203, 0.8016433119773865, -0.07265190035104752], [-0.18605054914951324, 0.8227838277816772, -0.07631538808345795], [-0.13930606842041016, 0.8421753644943237, -0.08169717341661453], [-0.11179790645837784, 0.8419275283813477, -0.09580826759338379], [-0.08740410208702087, 0.8399365544319153, -0.1079898327589035], [-0.19471873342990875, 0.8256573677062988, -0.08054904639720917], [-0.15115603804588318, 0.8582025766372681, -0.11565803736448288], [-0.10951712727546692, 0.8508020639419556, -0.12880542874336243], [-0.08793362975120544, 0.8404590487480164, -0.1261538863182068], [-0.07000905275344849, 0.829428493976593, -0.11988698691129684], [-0.1953364461660385, 0.8149878978729248, -0.08671179413795471], [-0.15414923429489136, 0.8385854363441467, -0.12812595069408417], [-0.1118984967470169, 0.8308205604553223, -0.1420574188232422], [-0.08797746896743774, 0.8174203634262085, -0.13445931673049927], [-0.07120250165462494, 0.8049019575119019, -0.12566561996936798], [-0.1959674060344696, 0.8029506206512451, -0.09175308793783188], [-0.1585412621498108, 0.8179997205734253, -0.13679276406764984], [-0.11980606615543365, 0.8113593459129333, -0.1476256549358368], [-0.09711764752864838, 0.800213098526001, -0.14026901125907898], [-0.080589160323143, 0.7903959155082703, -0.1311841756105423], [-0.19760455191135406, 0.7888767123222351, -0.09751085937023163], [-0.1662922352552414, 0.7988439202308655, -0.13875874876976013], [-0.1328258365392685, 0.7932142019271851, -0.1464083194732666], [-0.11632274091243744, 0.7866901755332947, -0.1413518637418747], [-0.10142837464809418, 0.779304027557373, -0.13302506506443024]]","[[0.18869516253471375, 0.8188308477401733, -0.11468776315450668], [0.16524997353553772, 0.8430864810943604, -0.11350832134485245], [0.12979640066623688, 0.8712862730026245, -0.14087097346782684], [0.1173347607254982, 0.8897136449813843, -0.1634790003299713], [0.10597590357065201, 0.9063556790351868, -0.18414703011512756], [0.17571884393692017, 0.8466680645942688, -0.10974013805389404], [0.16299813985824585, 0.9133021831512451, -0.1245952919125557], [0.14483460783958435, 0.935248613357544, -0.15852591395378113], [0.129393070936203, 0.9342870116233826, -0.1769668161869049], [0.1147177666425705, 0.9296197295188904, -0.1926049292087555], [0.18277466297149658, 0.8453959226608276, -0.1205611452460289], [0.17713390290737152, 0.9070016145706177, -0.14365729689598083], [0.14346204698085785, 0.9095913171768188, -0.17659519612789154], [0.14211517572402954, 0.8833129405975342, -0.16750472784042358], [0.15395502746105194, 0.8751380443572998, -0.15222737193107605], [0.18909353017807007, 0.8422401547431946, -0.13180607557296753], [0.18780356645584106, 0.8992253541946411, -0.1593896746635437], [0.15302400290966034, 0.8947553634643555, -0.18203091621398926], [0.15294235944747925, 0.8703829050064087, -0.1731935441493988], [0.16847248375415802, 0.865221381187439, -0.16090115904808044], [0.1966470330953598, 0.8375596404075623, -0.14426878094673157], [0.19717922806739807, 0.8850785493850708, -0.16990725696086884], [0.16886702179908752, 0.8815217614173889, -0.18817688524723053], [0.1652839630842209, 0.8651210069656372, -0.18189552426338196], [0.1776900738477707, 0.8595618009567261, -0.17008306086063385]]"
"[[0.9998496174807225, 0.014964854392654662, 0.008763914735469574, 0.003677122552579833], [-0.016022324514143708, 0.9904941327632615, 0.13661869393295414, 1.1125857314216696], [-0.006636127090599779, -0.13673856331401707, 0.99058496880091, -0.004751538507621025], [0.0, 0.0, 0.0, 1.0]]","[[0.07900771498680115, -0.8279096484184265, -0.5552687644958496, -0.21119575202465057], [0.812385082244873, 0.37629127502441406, -0.44546088576316833, 0.8048452734947205], [0.5777441263198853, -0.4158971905708313, 0.7023113369941711, -0.07278138399124146], [0.0, 0.0, 0.0, 1.0]]","[[0.58622807264328, 0.8050698637962341, 0.09054859727621078, 0.18856938183307648], [-0.2342281937599182, 0.27542248368263245, -0.9323515892028809, 0.8191799521446228], [-0.7755473256111145, 0.5253615975379944, 0.3500305116176605, -0.11460519582033157], [0.0, 0.0, 0.0, 1.0]]","[[-0.21119575202465057, 0.8048452734947205, -0.07278138399124146], [-0.18565237522125244, 0.8277124166488647, -0.07694219052791595], [-0.14015159010887146, 0.8502839803695679, -0.08209998905658722], [-0.11293527483940125, 0.8525288701057434, -0.09694356471300125], [-0.0893038809299469, 0.8513500690460205, -0.11075831949710846], [-0.19489970803260803, 0.8304104804992676, -0.08063317090272903], [-0.15515325963497162, 0.8672633171081543, -0.11675557494163513], [-0.11339876800775528, 0.8625372648239136, -0.131661057472229], [-0.09132222086191177, 0.8530475497245789, -0.12969070672988892], [-0.07307121157646179, 0.8424807786941528, -0.1237809956073761], [-0.19523927569389343, 0.8200107216835022, -0.08708824962377548], [-0.15755726397037506, 0.8475363254547119, -0.1298648864030838], [-0.11600826680660248, 0.8432164192199707, -0.14775434136390686], [-0.09110550582408905, 0.8310145735740662, -0.1415613889694214], [-0.07363879680633545, 0.8190653920173645, -0.13330386579036713], [-0.1954205334186554, 0.8081591725349426, -0.09248414635658264], [-0.1610013246536255, 0.8268700838088989, -0.139149010181427], [-0.12269159406423569, 0.8235611319541931, -0.15276622772216797], [-0.09967964142560959, 0.8129047751426697, -0.1452045887708664], [-0.0833362266421318, 0.803120493888855, -0.13543982803821564], [-0.1964922994375229, 0.7942206263542175, -0.09862736612558365], [-0.1676102578639984, 0.80718594789505, -0.14144206047058105], [-0.13410896062850952, 0.803803026676178, -0.15022987127304077], [-0.11745995283126831, 0.797817587852478, -0.14480894804000854], [-0.10279260575771332, 0.7907283306121826, -0.13576747477054596]]","[[0.18856938183307648, 0.8191799521446228, -0.11460519582033157], [0.16511115431785583, 0.843336820602417, -0.11351484060287476], [0.12960660457611084, 0.8713899254798889, -0.14099904894828796], [0.11709277331829071, 0.889717161655426, -0.16363821923732758], [0.10566416382789612, 0.9063246250152588, -0.18425625562667847], [0.17560437321662903, 0.8469346165657043, -0.10973773151636124], [0.1625494360923767, 0.9134789109230042, -0.12473705410957336], [0.14432132244110107, 0.9354816675186157, -0.15859729051589966], [0.12890557944774628, 0.9345593452453613, -0.17699256539344788], [0.1142239049077034, 0.9298335909843445, -0.19256997108459473], [0.1826508641242981, 0.845694363117218, -0.12055833637714386], [0.17675738036632538, 0.9071956276893616, -0.14387813210487366], [0.14316190779209137, 0.9095761775970459, -0.17674914002418518], [0.141996368765831, 0.8833821415901184, -0.1675066202878952], [0.15399561822414398, 0.8754238486289978, -0.15217840671539307], [0.18896283209323883, 0.8425499796867371, -0.13179302215576172], [0.1873929798603058, 0.8993834853172302, -0.1594332754611969], [0.15277259051799774, 0.89484703540802, -0.18220026791095734], [0.15288294851779938, 0.8705174326896667, -0.17327648401260376], [0.16854465007781982, 0.8654998540878296, -0.16091664135456085], [0.1965259164571762, 0.8378720879554749, -0.14423535764217377], [0.19685432314872742, 0.8852785229682922, -0.16993409395217896], [0.16875028610229492, 0.881687581539154, -0.18831884860992432], [0.165266752243042, 0.8652799129486084, -0.18199534714221954], [0.1777385175228119, 0.8598319888114929, -0.170106440782547]]"
