Head Pose,Left Arm Pose,Right Arm Pose,Left Hand (25x3),Right Hand (25x3)
"[[0.0, 0.0, 0.0, 0.0], [0.0, 0.0, 0.0, 0.0], [0.0, 0.0, 0.0, 0.0], [0.0, 0.0, 0.0, 0.0]]","[[0.0, 0.0, 0.0, 0.0], [0.0, 0.0, 0.0, 0.0], [0.0, 0.0, 0.0, 0.0], [0.0, 0.0, 0.0, 0.0]]","[[0.0, 0.0, 0.0, 0.0], [0.0, 0.0, 0.0, 0.0], [0.0, 0.0, 0.0, 0.0], [0.0, 0.0, 0.0, 0.0]]","[[0.0, 0.0, 0.0], [0.0, 0.0, 0.0], [0.0, 0.0, 0.0], [0.0, 0.0, 0.0], [0.0, 0.0, 0.0], [0.0, 0.0, 0.0], [0.0, 0.0, 0.0], [0.0, 0.0, 0.0], [0.0, 0.0, 0.0], [0.0, 0.0, 0.0], [0.0, 0.0, 0.0], [0.0, 0.0, 0.0], [0.0, 0.0, 0.0], [0.0, 0.0, 0.0], [0.0, 0.0, 0.0], [0.0, 0.0, 0.0], [0.0, 0.0, 0.0], [0.0, 0.0, 0.0], [0.0, 0.0, 0.0], [0.0, 0.0, 0.0], [0.0, 0.0, 0.0], [0.0, 0.0, 0.0], [0.0, 0.0, 0.0], [0.0, 0.0, 0.0], [0.0, 0.0, 0.0]]","[[0.0, 0.0, 0.0], [0.0, 0.0, 0.0], [0.0, 0.0, 0.0], [0.0, 0.0, 0.0], [0.0, 0.0, 0.0], [0.0, 0.0, 0.0], [0.0, 0.0, 0.0], [0.0, 0.0, 0.0], [0.0, 0.0, 0.0], [0.0, 0.0, 0.0], [0.0, 0.0, 0.0], [0.0, 0.0, 0.0], [0.0, 0.0, 0.0], [0.0, 0.0, 0.0], [0.0, 0.0, 0.0], [0.0, 0.0, 0.0], [0.0, 0.0, 0.0], [0.0, 0.0, 0.0], [0.0, 0.0, 0.0], [0.0, 0.0, 0.0], [0.0, 0.0, 0.0], [0.0, 0.0, 0.0], [0.0, 0.0, 0.0], [0.0, 0.0, 0.0], [0.0, 0.0, 0.0]]"
"[[0.847998304005088, 0.32982091628272336, -0.4148699068225112, -0.5000000000000001], [0.0, 0.7827749746443304, 0.6223048602337666, 0.7499999999999999], [0.5299989400031799, -0.5277134660523575, 0.663791850916018, 0.8000000000000002], [0.0, 0.0, 0.0, 1.0]]","[[0.0, 0.0, 0.0, 0.0], [0.0, 0.0, 0.0, 0.0], [0.0, 0.0, 0.0, 0.0], [0.0, 0.0, 0.0, 0.0]]","[[0.0, 0.0, 0.0, 0.0], [0.0, 0.0, 0.0, 0.0], [0.0, 0.0, 0.0, 0.0], [0.0, 0.0, 0.0, 0.0]]","[[0.0, 0.0, 0.0], [0.0, 0.0, 0.0], [0.0, 0.0, 0.0], [0.0, 0.0, 0.0], [0.0, 0.0, 0.0], [0.0, 0.0, 0.0], [0.0, 0.0, 0.0], [0.0, 0.0, 0.0], [0.0, 0.0, 0.0], [0.0, 0.0, 0.0], [0.0, 0.0, 0.0], [0.0, 0.0, 0.0], [0.0, 0.0, 0.0], [0.0, 0.0, 0.0], [0.0, 0.0, 0.0], [0.0, 0.0, 0.0], [0.0, 0.0, 0.0], [0.0, 0.0, 0.0], [0.0, 0.0, 0.0], [0.0, 0.0, 0.0], [0.0, 0.0, 0.0], [0.0, 0.0, 0.0], [0.0, 0.0, 0.0], [0.0, 0.0, 0.0], [0.0, 0.0, 0.0]]","[[0.0, 0.0, 0.0], [0.0, 0.0, 0.0], [0.0, 0.0, 0.0], [0.0, 0.0, 0.0], [0.0, 0.0, 0.0], [0.0, 0.0, 0.0], [0.0, 0.0, 0.0], [0.0, 0.0, 0.0], [0.0, 0.0, 0.0], [0.0, 0.0, 0.0], [0.0, 0.0, 0.0], [0.0, 0.0, 0.0], [0.0, 0.0, 0.0], [0.0, 0.0, 0.0], [0.0, 0.0, 0.0], [0.0, 0.0, 0.0], [0.0, 0.0, 0.0], [0.0, 0.0, 0.0], [0.0, 0.0, 0.0], [0.0, 0.0, 0.0], [0.0, 0.0, 0.0], [0.0, 0.0, 0.0], [0.0, 0.0, 0.0], [0.0, 0.0, 0.0], [0.0, 0.0, 0.0]]"
"[[1.0, 0.0, 0.0, 0.0], [0.0, 1.0, 0.0, 0.0], [0.0, 0.0, 1.0, 0.0], [0.0, 0.0, 0.0, 1.0]]","[[0.0, 0.0, 0.0, 0.0], [0.0, 0.0, 0.0, 0.0], [0.0, 0.0, 0.0, 0.0], [0.0, 0.0, 0.0, 0.0]]","[[0.0, 0.0, 0.0, 0.0], [0.0, 0.0, 0.0, 0.0], [0.0, 0.0, 0.0, 0.0], [0.0, 0.0, 0.0, 0.0]]","[[0.0, 0.0, 0.0], [0.0, 0.0, 0.0], [0.0, 0.0, 0.0], [0.0, 0.0, 0.0], [0.0, 0.0, 0.0], [0.0, 0.0, 0.0], [0.0, 0.0, 0.0], [0.0, 0.0, 0.0], [0.0, 0.0, 0.0], [0.0, 0.0, 0.0], [0.0, 0.0, 0.0], [0.0, 0.0, 0.0], [0.0, 0.0, 0.0], [0.0, 0.0, 0.0], [0.0, 0.0, 0.0], [0.0, 0.0, 0.0], [0.0, 0.0, 0.0], [0.0, 0.0, 0.0], [0.0, 0.0, 0.0], [0.0, 0.0, 0.0], [0.0, 0.0, 0.0], [0.0, 0.0, 0.0], [0.0, 0.0, 0.0], [0.0, 0.0, 0.0], [0.0, 0.0, 0.0]]","[[0.0, 0.0, 0.0], [0.0, 0.0, 0.0], [0.0, 0.0, 0.0], [0.0, 0.0, 0.0], [0.0, 0.0, 0.0], [0.0, 0.0, 0.0], [0.0, 0.0, 0.0], [0.0, 0.0, 0.0], [0.0, 0.0, 0.0], [0.0, 0.0, 0.0], [0.0, 0.0, 0.0], [0.0, 0.0, 0.0], [0.0, 0.0, 0.0], [0.0, 0.0, 0.0], [0.0, 0.0, 0.0], [0.0, 0.0, 0.0], [0.0, 0.0, 0.0], [0.0, 0.0, 0.0], [0.0, 0.0, 0.0], [0.0, 0.0, 0.0], [0.0, 0.0, 0.0], [0.0, 0.0, 0.0], [0.0, 0.0, 0.0], [0.0, 0.0, 0.0], [0.0, 0.0, 0.0]]"
"[[0.9999221563318633, 0.007948663040727628, 0.009619263761985046, -0.00123078015214157], [-0.007173111707240092, 0.9969169500249433, -0.07813529277141908, 1.0789527064083606], [-0.010210678151500478, 0.07806020623151456, 0.9968963858723249, -0.017909085905338403], [0.0, 0.0, 0.0, 1.0]]","[[0.6301361322402954, -0.7435683608055115, -0.22368381917476654, -0.24786622822284698], [0.6522842645645142, 0.6631877422332764, -0.3670247793197632, 0.716862678527832], [0.42125239968299866, 0.08537012338638306, 0.9029165506362915, -0.16015669703483582], [0.0, 0.0, 0.0, 1.0]]","[[0.3271588385105133, 0.9449130892753601, 0.010307129472494125, 0.17164094746112823], [-0.3666771650314331, 0.1369929313659668, -0.9202068448066711, 0.8182621598243713], [-0.8709275722503662, 0.2972743511199951, 0.3912965953350067, -0.2054651975631714], [0.0, 0.0, 0.0, 1.0]]","[[-0.24786622822284698, 0.716862678527832, -0.16015669703483582], [-0.22543859481811523, 0.7287106513977051, -0.17232735455036163], [-0.1836770474910736, 0.7326066493988037, -0.20263580977916718], [-0.17357546091079712, 0.7257790565490723, -0.22660315036773682], [-0.17296826839447021, 0.711344838142395, -0.2521026134490967], [-0.23373255133628845, 0.7344264388084412, -0.17349551618099213], [-0.218905970454216, 0.7484728097915649, -0.22198498249053955], [-0.19380328059196472, 0.7303866147994995, -0.25220346450805664], [-0.18006297945976257, 0.711541473865509, -0.25769516825675964], [-0.16812096536159515, 0.6941522359848022, -0.2569197416305542], [-0.24046359956264496, 0.7275983691215515, -0.17934489250183105], [-0.2380971759557724, 0.7355391383171082, -0.23271214962005615], [-0.20424321293830872, 0.7107882499694824, -0.25414907932281494], [-0.1946045458316803, 0.6983908414840698, -0.22872065007686615], [-0.1981891691684723, 0.7016815543174744, -0.21389439702033997], [-0.24684137105941772, 0.7189033031463623, -0.1834982931613922], [-0.2514731287956238, 0.7173493504524231, -0.23862820863723755], [-0.21838673949241638, 0.6972573399543762, -0.2544761300086975], [-0.20782572031021118, 0.6899486780166626, -0.22785860300064087], [-0.21554411947727203, 0.6951413154602051, -0.21377550065517426], [-0.25466451048851013, 0.7084400653839111, -0.18722176551818848], [-0.2622680366039276, 0.6995699405670166, -0.23742049932479858], [-0.2362385094165802, 0.6841835975646973, -0.25188148021698], [-0.22586387395858765, 0.679337739944458, -0.23482273519039154], [-0.23028923571109772, 0.6856300830841064, -0.21246637403964996]]","[[0.17164094746112823, 0.8182621598243713, -0.2054651975631714], [0.15564104914665222, 0.8433192372322083, -0.20137271285057068], [0.11765764653682709, 0.8805033564567566, -0.2164011150598526], [0.10192518681287766, 0.9022331833839417, -0.23470808565616608], [0.08885428309440613, 0.9214610457420349, -0.253205269575119], [0.16630303859710693, 0.8450213670730591, -0.2007824033498764], [0.16158868372440338, 0.9154703617095947, -0.21629883348941803], [0.13878118991851807, 0.9401968121528625, -0.245237335562706], [0.1188795417547226, 0.9420586824417114, -0.2598436772823334], [0.09993134438991547, 0.9387072324752808, -0.2710167169570923], [0.16999971866607666, 0.8425305485725403, -0.21175529062747955], [0.17102965712547302, 0.9056519865989685, -0.23868757486343384], [0.1291438788175583, 0.9147809147834778, -0.2631303369998932], [0.12118685990571976, 0.8884286880493164, -0.2532082498073578], [0.13353925943374634, 0.8747092485427856, -0.23946069180965424], [0.17243587970733643, 0.8383516669273376, -0.22260263562202454], [0.17386282980442047, 0.8946723937988281, -0.25737181305885315], [0.13444428145885468, 0.8989848494529724, -0.27371862530708313], [0.12685702741146088, 0.8750581741333008, -0.26334837079048157], [0.1427273452281952, 0.8641641139984131, -0.252110093832016], [0.1754492223262787, 0.8326254487037659, -0.23464183509349823], [0.17688074707984924, 0.8785120248794556, -0.2692447900772095], [0.14477737247943878, 0.881047248840332, -0.2819738984107971], [0.13692224025726318, 0.8659471273422241, -0.2729785144329071], [0.15099386870861053, 0.8569459915161133, -0.26128438115119934]]"
"[[0.9999285936361761, 0.00802167583391333, 0.008857537240590135, -0.0010471155178432973], [-0.007314828837809321, 0.9969936014292652, -0.07713800805718994, 1.0788689245664642], [-0.009449683881495918, 0.07706770908920677, 0.9969810842391744, -0.01844277149731903], [0.0, 0.0, 0.0, 1.0]]","[[0.6301361322402954, -0.7435683608055115, -0.22368381917476654, -0.24786622822284698], [0.6522842645645142, 0.6631877422332764, -0.3670247793197632, 0.716862678527832], [0.42125239968299866, 0.08537012338638306, 0.9029165506362915, -0.16015669703483582], [0.0, 0.0, 0.0, 1.0]]","[[0.3271588385105133, 0.9449130892753601, 0.010307129472494125, 0.17164094746112823], [-0.3666771650314331, 0.1369929313659668, -0.9202068448066711, 0.8182621598243713], [-0.8709275722503662, 0.2972743511199951, 0.3912965953350067, -0.2054651975631714], [0.0, 0.0, 0.0, 1.0]]","[[-0.24786622822284698, 0.716862678527832, -0.16015669703483582], [-0.22543859481811523, 0.7287106513977051, -0.17232735455036163], [-0.1836770474910736, 0.7326066493988037, -0.20263580977916718], [-0.17357546091079712, 0.7257790565490723, -0.22660315036773682], [-0.17296826839447021, 0.711344838142395, -0.2521026134490967], [-0.23373255133628845, 0.7344264388084412, -0.17349551618099213], [-0.218905970454216, 0.7484728097915649, -0.22198498249053955], [-0.19380328059196472, 0.7303866147994995, -0.25220346450805664], [-0.18006297945976257, 0.711541473865509, -0.25769516825675964], [-0.16812096536159515, 0.6941522359848022, -0.2569197416305542], [-0.24046359956264496, 0.7275983691215515, -0.17934489250183105], [-0.2380971759557724, 0.7355391383171082, -0.23271214962005615], [-0.20424321293830872, 0.7107882499694824, -0.25414907932281494], [-0.1946045458316803, 0.6983908414840698, -0.22872065007686615], [-0.1981891691684723, 0.7016815543174744, -0.21389439702033997], [-0.24684137105941772, 0.7189033031463623, -0.1834982931613922], [-0.2514731287956238, 0.7173493504524231, -0.23862820863723755], [-0.21838673949241638, 0.6972573399543762, -0.2544761300086975], [-0.20782572031021118, 0.6899486780166626, -0.22785860300064087], [-0.21554411947727203, 0.6951413154602051, -0.21377550065517426], [-0.25466451048851013, 0.7084400653839111, -0.18722176551818848], [-0.2622680366039276, 0.6995699405670166, -0.23742049932479858], [-0.2362385094165802, 0.6841835975646973, -0.25188148021698], [-0.22586387395858765, 0.679337739944458, -0.23482273519039154], [-0.23028923571109772, 0.6856300830841064, -0.21246637403964996]]","[[0.17164094746112823, 0.8182621598243713, -0.2054651975631714], [0.15564104914665222, 0.8433192372322083, -0.20137271285057068], [0.11765764653682709, 0.8805033564567566, -0.2164011150598526], [0.10192518681287766, 0.9022331833839417, -0.23470808565616608], [0.08885428309440613, 0.9214610457420349, -0.253205269575119], [0.16630303859710693, 0.8450213670730591, -0.2007824033498764], [0.16158868372440338, 0.9154703617095947, -0.21629883348941803], [0.13878118991851807, 0.9401968121528625, -0.245237335562706], [0.1188795417547226, 0.9420586824417114, -0.2598436772823334], [0.09993134438991547, 0.9387072324752808, -0.2710167169570923], [0.16999971866607666, 0.8425305485725403, -0.21175529062747955], [0.17102965712547302, 0.9056519865989685, -0.23868757486343384], [0.1291438788175583, 0.9147809147834778, -0.2631303369998932], [0.12118685990571976, 0.8884286880493164, -0.2532082498073578], [0.13353925943374634, 0.8747092485427856, -0.23946069180965424], [0.17243587970733643, 0.8383516669273376, -0.22260263562202454], [0.17386282980442047, 0.8946723937988281, -0.25737181305885315], [0.13444428145885468, 0.8989848494529724, -0.27371862530708313], [0.12685702741146088, 0.8750581741333008, -0.26334837079048157], [0.1427273452281952, 0.8641641139984131, -0.252110093832016], [0.1754492223262787, 0.8326254487037659, -0.23464183509349823], [0.17688074707984924, 0.8785120248794556, -0.2692447900772095], [0.14477737247943878, 0.881047248840332, -0.2819738984107971], [0.13692224025726318, 0.8659471273422241, -0.2729785144329071], [0.15099386870861053, 0.8569459915161133, -0.26128438115119934]]"
"[[0.9999192357084722, 0.0114118104328773, 0.005588920417519388, -0.0006028412164266144], [-0.010969962785635235, 0.9972303510595042, -0.07356106611845527, 1.078466125801925], [-0.006412906010357567, 0.07349381473901248, 0.9972750543643123, -0.019465373394819338], [0.0, 0.0, 0.0, 1.0]]","[[0.6332000494003296, -0.7406743168830872, -0.22463107109069824, -0.24466219544410706], [0.652664065361023, 0.6669661998748779, -0.3594238758087158, 0.715237021446228], [0.4160374104976654, 0.08097855001688004, 0.905734658241272, -0.1612708866596222], [0.0, 0.0, 0.0, 1.0]]","[[0.35917606949806213, 0.9328312873840332, 0.0286047775298357, 0.17282840609550476], [-0.35265859961509705, 0.16403721272945404, -0.9212619662284851, 0.8169329166412354], [-0.8640742897987366, 0.3208075165748596, 0.3878892660140991, -0.20265716314315796], [0.0, 0.0, 0.0, 1.0]]","[[-0.24466219544410706, 0.715237021446228, -0.1612708866596222], [-0.22211921215057373, 0.7269373536109924, -0.17358295619487762], [-0.17950958013534546, 0.7318031787872314, -0.20344695448875427], [-0.16787615418434143, 0.7250832319259644, -0.22712524235248566], [-0.16756105422973633, 0.7095420956611633, -0.2532529830932617], [-0.23041653633117676, 0.7326985597610474, -0.1747916042804718], [-0.21666187047958374, 0.7473825812339783, -0.2247653305530548], [-0.19090697169303894, 0.7291581630706787, -0.25430426001548767], [-0.17654365301132202, 0.7104193568229675, -0.2597196698188782], [-0.1637221872806549, 0.693248987197876, -0.2597140371799469], [-0.23720189929008484, 0.7258326411247253, -0.18060733377933502], [-0.23398034274578094, 0.7322338223457336, -0.2346489131450653], [-0.1997750699520111, 0.7070780396461487, -0.25646114349365234], [-0.1909738928079605, 0.6954039931297302, -0.22961348295211792], [-0.19433051347732544, 0.6986042261123657, -0.2143435776233673], [-0.24363797903060913, 0.7171018123626709, -0.18471212685108185], [-0.24633727967739105, 0.7154712677001953, -0.24078622460365295], [-0.2131473273038864, 0.6953621506690979, -0.25698068737983704], [-0.2029981017112732, 0.687707781791687, -0.2299027144908905], [-0.21014432609081268, 0.6917516589164734, -0.21521437168121338], [-0.2515299320220947, 0.7066048979759216, -0.18837471306324005], [-0.2587968409061432, 0.6982117295265198, -0.2392549216747284], [-0.2323995977640152, 0.6824662089347839, -0.25392213463783264], [-0.22145552933216095, 0.6771345138549805, -0.2370392382144928], [-0.2251616269350052, 0.6823523640632629, -0.21416136622428894]]","[[0.17282840609550476, 0.8169329166412354, -0.20265716314315796], [0.15610891580581665, 0.8413161635398865, -0.19885694980621338], [0.11811003088951111, 0.8781253099441528, -0.21406161785125732], [0.10253719240427017, 0.8998280167579651, -0.2321668118238449], [0.0903826504945755, 0.9187764525413513, -0.25137394666671753], [0.16661524772644043, 0.843302845954895, -0.19799667596817017], [0.1600569188594818, 0.9127085208892822, -0.21553367376327515], [0.13822364807128906, 0.9367716908454895, -0.24555709958076477], [0.11853620409965515, 0.9377156496047974, -0.2602514624595642], [0.09975073486566544, 0.9340640306472778, -0.2715996205806732], [0.17063121497631073, 0.8409855961799622, -0.20878587663173676], [0.16837021708488464, 0.9035630822181702, -0.23564451932907104], [0.12755754590034485, 0.9108043909072876, -0.2623935341835022], [0.12029553949832916, 0.884251594543457, -0.25272220373153687], [0.13257646560668945, 0.8711996674537659, -0.23819193243980408], [0.17344725131988525, 0.8369563817977905, -0.21949483454227448], [0.17446783185005188, 0.8935219645500183, -0.2530403733253479], [0.13639524579048157, 0.8973175883293152, -0.2721887528896332], [0.1288170963525772, 0.8730225563049316, -0.2627323269844055], [0.1441621631383896, 0.8624410629272461, -0.2505700886249542], [0.17691315710544586, 0.8314136862754822, -0.23138189315795898], [0.17878206074237823, 0.8776824474334717, -0.2649049460887909], [0.14792634546756744, 0.8798055052757263, -0.2801247239112854], [0.1399107575416565, 0.8643786907196045, -0.2719825804233551], [0.15314801037311554, 0.8555028438568115, -0.2593834102153778]]"
"[[0.9999038577058788, 0.013238539762633136, 0.00413184285525033, -0.0010769387732360361], [-0.012911390669805711, 0.9973855613963165, -0.07110123980317154, 1.0781589793855675], [-0.005062317025030165, 0.07104105603423083, 0.9974605441814417, -0.019130277391701353], [0.0, 0.0, 0.0, 1.0]]","[[0.6396470665931702, -0.7347005605697632, -0.22597919404506683, -0.24545305967330933], [0.6457161903381348, 0.6730804443359375, -0.36057350039482117, 0.7156064510345459], [0.41701576113700867, 0.08472129702568054, 0.9049420356750488, -0.1607675850391388], [0.0, 0.0, 0.0, 1.0]]","[[0.35193362832069397, 0.9353181719779968, 0.03636632859706879, 0.17301028966903687], [-0.3515380918979645, 0.16808198392391205, -0.9209610223770142, 0.8155754208564758], [-0.8675041794776917, 0.31133294105529785, 0.3879537880420685, -0.2035856693983078], [0.0, 0.0, 0.0, 1.0]]","[[-0.24545305967330933, 0.7156064510345459, -0.1607675850391388], [-0.22282031178474426, 0.7271599173545837, -0.17309121787548065], [-0.18019706010818481, 0.7317620515823364, -0.2030443400144577], [-0.16829586029052734, 0.7251718044281006, -0.22662253677845], [-0.16765865683555603, 0.7098228931427002, -0.25277164578437805], [-0.2310744673013687, 0.7330003380775452, -0.17426449060440063], [-0.2171051800251007, 0.7478083968162537, -0.22416305541992188], [-0.1916075050830841, 0.729468584060669, -0.2537957727909088], [-0.1775105893611908, 0.7104530334472656, -0.2590002119541168], [-0.16494493186473846, 0.6930546760559082, -0.2588123083114624], [-0.2379332184791565, 0.7262094020843506, -0.18009351193904877], [-0.2345615178346634, 0.7328025698661804, -0.23406833410263062], [-0.2004643976688385, 0.7070751190185547, -0.2553791105747223], [-0.1922907531261444, 0.6954783201217651, -0.22831955552101135], [-0.19607441127300262, 0.6991177797317505, -0.21310476958751678], [-0.24445289373397827, 0.7175434231758118, -0.1842174530029297], [-0.24704577028751373, 0.7162067890167236, -0.2402646839618683], [-0.21404537558555603, 0.6953111886978149, -0.25582098960876465], [-0.20444045960903168, 0.6877380013465881, -0.22851595282554626], [-0.2119801938533783, 0.6923067569732666, -0.21400724351406097], [-0.25244149565696716, 0.707120954990387, -0.1879018396139145], [-0.2595759630203247, 0.6989073753356934, -0.23878253996372223], [-0.23311889171600342, 0.6826716661453247, -0.25286978483200073], [-0.22248785197734833, 0.6774673461914062, -0.23566006124019623], [-0.22677350044250488, 0.6831580400466919, -0.2129722535610199]]","[[0.17301028966903687, 0.8155754208564758, -0.2035856693983078], [0.15620757639408112, 0.8399032950401306, -0.19961470365524292], [0.11788888275623322, 0.8765473961830139, -0.214437797665596], [0.10198673605918884, 0.8981978893280029, -0.23236514627933502], [0.08959684520959854, 0.9170817136764526, -0.25156188011169434], [0.16671481728553772, 0.8419391512870789, -0.19886258244514465], [0.15965035557746887, 0.9113574028015137, -0.21641485393047333], [0.13728712499141693, 0.9350795149803162, -0.24619966745376587], [0.11745013296604156, 0.9357922673225403, -0.2606563866138458], [0.0985710397362709, 0.9319166541099548, -0.27177536487579346], [0.1706114411354065, 0.839644730091095, -0.20970933139324188], [0.167786106467247, 0.902254581451416, -0.23664045333862305], [0.1266092211008072, 0.9093871116638184, -0.2627409100532532], [0.1191885769367218, 0.882817268371582, -0.2532082200050354], [0.1304616928100586, 0.8685247898101807, -0.23896890878677368], [0.17331694066524506, 0.8356302976608276, -0.22046363353729248], [0.17377370595932007, 0.892208993434906, -0.2541757822036743], [0.13541296124458313, 0.8959293961524963, -0.27275750041007996], [0.12800610065460205, 0.8716039657592773, -0.26316484808921814], [0.14265874028205872, 0.8600025177001953, -0.2510424256324768], [0.17666727304458618, 0.8301028609275818, -0.2324037253856659], [0.1780272126197815, 0.876369833946228, -0.26606065034866333], [0.14697794616222382, 0.8783985376358032, -0.2809227705001831], [0.13908283412456512, 0.8629408478736877, -0.2726532816886902], [0.1520310640335083, 0.8536524772644043, -0.2600451409816742]]"
"[[0.9999076724076765, 0.012767916722530338, 0.004646779545963095, -0.0012223692043902307], [-0.012402726160055201, 0.9973579645275534, -0.07157690097735941, 1.0781809555543955], [-0.0055483905175623465, 0.07151266167713584, 0.9974242448663307, -0.01892141914355993], [0.0, 0.0, 0.0, 1.0]]","[[0.6419782042503357, -0.7326512932777405, -0.2260219305753708, -0.24616143107414246], [0.6447213888168335, 0.6753843426704407, -0.3580365478992462, 0.7156679034233093], [0.4149676561355591, 0.0841304361820221, 0.9059381484985352, -0.16082896292209625], [0.0, 0.0, 0.0, 1.0]]","[[0.35349804162979126, 0.934569239616394, 0.04024289920926094, 0.17325273156166077], [-0.3525773882865906, 0.1729622334241867, -0.9196593165397644, 0.8148797154426575], [-0.866445779800415, 0.3109090328216553, 0.39064979553222656, -0.2039918601512909], [0.0, 0.0, 0.0, 1.0]]","[[-0.24616143107414246, 0.7156679034233093, -0.16082896292209625], [-0.22350013256072998, 0.7271344661712646, -0.17320631444454193], [-0.18087618052959442, 0.73155277967453, -0.20323042571544647], [-0.1689949333667755, 0.7248689532279968, -0.2268294394016266], [-0.16818928718566895, 0.7095233798027039, -0.2529659867286682], [-0.2317417860031128, 0.7329985499382019, -0.17438308894634247], [-0.21773582696914673, 0.7476669549942017, -0.2243826687335968], [-0.1923237144947052, 0.72918701171875, -0.25400811433792114], [-0.17828020453453064, 0.7101035118103027, -0.25919321179389954], [-0.16575424373149872, 0.6926414966583252, -0.258989542722702], [-0.23862911760807037, 0.7262121438980103, -0.18019329011440277], [-0.2352481186389923, 0.7326804399490356, -0.23424100875854492], [-0.20123571157455444, 0.7068025469779968, -0.2555379867553711], [-0.1930965930223465, 0.6952075958251953, -0.2284466028213501], [-0.1968914121389389, 0.6989372372627258, -0.21320754289627075], [-0.245180144906044, 0.7175508737564087, -0.1842953860759735], [-0.24778065085411072, 0.716111958026886, -0.24040037393569946], [-0.21485820412635803, 0.6950681209564209, -0.25595623254776], [-0.20527082681655884, 0.6874964237213135, -0.22862496972084045], [-0.21284542977809906, 0.6921917200088501, -0.21412064135074615], [-0.25320473313331604, 0.7071366310119629, -0.187953382730484], [-0.2603626251220703, 0.6988394856452942, -0.23887330293655396], [-0.2339828461408615, 0.6824570894241333, -0.2529686391353607], [-0.22334274649620056, 0.6772564053535461, -0.23573824763298035], [-0.2276628166437149, 0.6830562949180603, -0.21305745840072632]]","[[0.17325273156166077, 0.8148797154426575, -0.2039918601512909], [0.15634560585021973, 0.8391492962837219, -0.2000899612903595], [0.11788191646337509, 0.8755828738212585, -0.21502935886383057], [0.10188131034374237, 0.8971273899078369, -0.23298987746238708], [0.08929704129695892, 0.9159771203994751, -0.2520974278450012], [0.16684243083000183, 0.8412315249443054, -0.199346125125885], [0.15948466956615448, 0.9105787873268127, -0.21712125837802887], [0.13704384863376617, 0.9341067671775818, -0.2469634860754013], [0.11721453815698624, 0.9346941113471985, -0.26141926646232605], [0.09834994375705719, 0.9306848049163818, -0.27251875400543213], [0.17074653506278992, 0.8389235138893127, -0.2101939469575882], [0.16766396164894104, 0.9014456272125244, -0.23732323944568634], [0.12646065652370453, 0.9083457589149475, -0.26339828968048096], [0.11899656802415848, 0.8817806839942932, -0.25388962030410767], [0.12989141047000885, 0.86716228723526, -0.239678755402565], [0.1734689623117447, 0.8348895907402039, -0.2209424376487732], [0.17370359599590302, 0.8913590312004089, -0.2548384368419647], [0.1353103071451187, 0.8948907256126404, -0.27337849140167236], [0.1280011683702469, 0.870561957359314, -0.26370716094970703], [0.14239859580993652, 0.8587072491645813, -0.25152456760406494], [0.1768445372581482, 0.8293412327766418, -0.2328716665506363], [0.17802737653255463, 0.8755002021789551, -0.2666761577129364], [0.14697076380252838, 0.8773679733276367, -0.28152573108673096], [0.1391373872756958, 0.8619049787521362, -0.27320659160614014], [0.1519203633069992, 0.8525044918060303, -0.26051703095436096]]"
"[[0.9999173879658413, 0.010178377853275177, 0.007847972620355718, -0.0019278003682381625], [-0.00956639740472948, 0.9971808194758951, -0.07442378205122409, 1.0784255722622484], [-0.00858336087681092, 0.07434255677400173, 0.9971958399142423, -0.018003682125588304], [0.0, 0.0, 0.0, 1.0]]","[[0.6281642317771912, -0.7458192110061646, -0.22172795236110687, -0.24511651694774628], [0.6533264517784119, 0.660345196723938, -0.3702819347381592, 0.7146704792976379], [0.42258039116859436, 0.087737075984478, 0.9020687341690063, -0.16073599457740784], [0.0, 0.0, 0.0, 1.0]]","[[0.3508942127227783, 0.9350419640541077, 0.05068928003311157, 0.1735091507434845], [-0.3618622422218323, 0.18532486259937286, -0.9136245846748352, 0.8131146430969238], [-0.8636715412139893, 0.30224284529685974, 0.40338608622550964, -0.2046661078929901], [0.0, 0.0, 0.0, 1.0]]","[[-0.24511651694774628, 0.7146704792976379, -0.16073599457740784], [-0.22264760732650757, 0.7266793251037598, -0.1729404181241989], [-0.18004271388053894, 0.7321817874908447, -0.20278197526931763], [-0.1680503487586975, 0.7260050177574158, -0.22634431719779968], [-0.1668998897075653, 0.7110710740089417, -0.25246289372444153], [-0.2309965193271637, 0.7323926091194153, -0.17409148812294006], [-0.2174171805381775, 0.748078465461731, -0.22372488677501678], [-0.19155552983283997, 0.7303110957145691, -0.25343263149261475], [-0.17715176939964294, 0.7115286588668823, -0.2587364912033081], [-0.1642766296863556, 0.6942185759544373, -0.2586805820465088], [-0.23773600161075592, 0.7255309820175171, -0.17997947335243225], [-0.23461109399795532, 0.7328417897224426, -0.23374749720096588], [-0.2000313103199005, 0.7077743411064148, -0.25516247749328613], [-0.1918911188840866, 0.6962077617645264, -0.22803953289985657], [-0.19612914323806763, 0.7002241015434265, -0.21292148530483246], [-0.2441137582063675, 0.7167947292327881, -0.18417108058929443], [-0.24679811298847198, 0.7161290049552917, -0.2400912195444107], [-0.21345391869544983, 0.6957888007164001, -0.2557424306869507], [-0.2039417326450348, 0.6882460713386536, -0.22835253179073334], [-0.21201741695404053, 0.6931164264678955, -0.21412591636180878], [-0.2519369125366211, 0.706279456615448, -0.18793538212776184], [-0.25908583402633667, 0.6986189484596252, -0.23872822523117065], [-0.2323041707277298, 0.682531476020813, -0.2524924874305725], [-0.2218276411294937, 0.6775736808776855, -0.23496676981449127], [-0.22689029574394226, 0.6837369203567505, -0.2125846892595291]]","[[0.1735091507434845, 0.8131146430969238, -0.2046661078929901], [0.15642049908638, 0.8372793197631836, -0.20099829137325287], [0.11760248243808746, 0.8731175065040588, -0.21621409058570862], [0.10136013478040695, 0.8942725658416748, -0.23434330523014069], [0.08805171400308609, 0.9129952192306519, -0.25302597880363464], [0.16689659655094147, 0.8394603133201599, -0.2003607153892517], [0.15883170068264008, 0.9084339141845703, -0.21906833350658417], [0.13604214787483215, 0.9313204884529114, -0.24903912842273712], [0.1161358654499054, 0.9315250515937805, -0.2633472979068756], [0.09723722189664841, 0.9271556735038757, -0.27423518896102905], [0.17075444757938385, 0.8370278477668762, -0.21121272444725037], [0.1669771671295166, 0.8990969061851501, -0.2392147034406662], [0.12561684846878052, 0.9052625894546509, -0.2650721073150635], [0.11842174828052521, 0.8787828087806702, -0.25515851378440857], [0.12951931357383728, 0.8644667267799377, -0.24081473052501678], [0.1734500229358673, 0.8328611254692078, -0.22192566096782684], [0.17300087213516235, 0.8888131976127625, -0.256619393825531], [0.13449005782604218, 0.8917487859725952, -0.274937242269516], [0.12745504081249237, 0.8675033450126648, -0.2648760676383972], [0.14207126200199127, 0.8560125827789307, -0.2526368200778961], [0.1768060326576233, 0.8271687030792236, -0.23379719257354736], [0.17741642892360687, 0.8727687001228333, -0.2682911157608032], [0.14627961814403534, 0.8741514682769775, -0.2829541862010956], [0.13863077759742737, 0.8587624430656433, -0.2743540108203888], [0.15154150128364563, 0.8496593832969666, -0.2616116404533386]]"
"[[0.9999096393605813, 0.010381769577695097, 0.008541654819814353, -0.002085735686079513], [-0.009713566673265728, 0.997146487271162, -0.07486330767282684, 1.0783962535705192], [-0.009294494962128017, 0.07477357189050465, 0.9971572160347252, -0.017800050148892563], [0.0, 0.0, 0.0, 1.0]]","[[0.6281642317771912, -0.7458192110061646, -0.22172795236110687, -0.24511651694774628], [0.6533264517784119, 0.660345196723938, -0.3702819347381592, 0.7146704792976379], [0.42258039116859436, 0.087737075984478, 0.9020687341690063, -0.16073599457740784], [0.0, 0.0, 0.0, 1.0]]","[[0.3508942127227783, 0.9350419640541077, 0.05068928003311157, 0.1735091507434845], [-0.3618622422218323, 0.18532486259937286, -0.9136245846748352, 0.8131146430969238], [-0.8636715412139893, 0.30224284529685974, 0.40338608622550964, -0.2046661078929901], [0.0, 0.0, 0.0, 1.0]]","[[-0.24511651694774628, 0.7146704792976379, -0.16073599457740784], [-0.22264760732650757, 0.7266793251037598, -0.1729404181241989], [-0.18004271388053894, 0.7321817874908447, -0.20278197526931763], [-0.1680503487586975, 0.7260050177574158, -0.22634431719779968], [-0.1668998897075653, 0.7110710740089417, -0.25246289372444153], [-0.2309965193271637, 0.7323926091194153, -0.17409148812294006], [-0.2174171805381775, 0.748078465461731, -0.22372488677501678], [-0.19155552983283997, 0.7303110957145691, -0.25343263149261475], [-0.17715176939964294, 0.7115286588668823, -0.2587364912033081], [-0.1642766296863556, 0.6942185759544373, -0.2586805820465088], [-0.23773600161075592, 0.7255309820175171, -0.17997947335243225], [-0.23461109399795532, 0.7328417897224426, -0.23374749720096588], [-0.2000313103199005, 0.7077743411064148, -0.25516247749328613], [-0.1918911188840866, 0.6962077617645264, -0.22803953289985657], [-0.19612914323806763, 0.7002241015434265, -0.21292148530483246], [-0.2441137582063675, 0.7167947292327881, -0.18417108058929443], [-0.24679811298847198, 0.7161290049552917, -0.2400912195444107], [-0.21345391869544983, 0.6957888007164001, -0.2557424306869507], [-0.2039417326450348, 0.6882460713386536, -0.22835253179073334], [-0.21201741695404053, 0.6931164264678955, -0.21412591636180878], [-0.2519369125366211, 0.706279456615448, -0.18793538212776184], [-0.25908583402633667, 0.6986189484596252, -0.23872822523117065], [-0.2323041707277298, 0.682531476020813, -0.2524924874305725], [-0.2218276411294937, 0.6775736808776855, -0.23496676981449127], [-0.22689029574394226, 0.6837369203567505, -0.2125846892595291]]","[[0.1735091507434845, 0.8131146430969238, -0.2046661078929901], [0.15642049908638, 0.8372793197631836, -0.20099829137325287], [0.11760248243808746, 0.8731175065040588, -0.21621409058570862], [0.10136013478040695, 0.8942725658416748, -0.23434330523014069], [0.08805171400308609, 0.9129952192306519, -0.25302597880363464], [0.16689659655094147, 0.8394603133201599, -0.2003607153892517], [0.15883170068264008, 0.9084339141845703, -0.21906833350658417], [0.13604214787483215, 0.9313204884529114, -0.24903912842273712], [0.1161358654499054, 0.9315250515937805, -0.2633472979068756], [0.09723722189664841, 0.9271556735038757, -0.27423518896102905], [0.17075444757938385, 0.8370278477668762, -0.21121272444725037], [0.1669771671295166, 0.8990969061851501, -0.2392147034406662], [0.12561684846878052, 0.9052625894546509, -0.2650721073150635], [0.11842174828052521, 0.8787828087806702, -0.25515851378440857], [0.12951931357383728, 0.8644667267799377, -0.24081473052501678], [0.1734500229358673, 0.8328611254692078, -0.22192566096782684], [0.17300087213516235, 0.8888131976127625, -0.256619393825531], [0.13449005782604218, 0.8917487859725952, -0.274937242269516], [0.12745504081249237, 0.8675033450126648, -0.2648760676383972], [0.14207126200199127, 0.8560125827789307, -0.2526368200778961], [0.1768060326576233, 0.8271687030792236, -0.23379719257354736], [0.17741642892360687, 0.8727687001228333, -0.2682911157608032], [0.14627961814403534, 0.8741514682769775, -0.2829541862010956], [0.13863077759742737, 0.8587624430656433, -0.2743540108203888], [0.15154150128364563, 0.8496593832969666, -0.2616116404533386]]"
"[[0.9998915195458903, 0.009729470180243728, 0.011056019831225554, -0.00241715085113549], [-0.008877582794159178, 0.9971703886384163, -0.07464882651662179, 1.0783075597131158], [-0.011751028802469093, 0.07454258283281971, 0.997148573459347, -0.017500554081043708], [0.0, 0.0, 0.0, 1.0]]","[[0.6272499561309814, -0.74605792760849, -0.22350619733333588, -0.2446618676185608], [0.6526650190353394, 0.6601256132125854, -0.3718366324901581, 0.7154947519302368], [0.4249538481235504, 0.08735981583595276, 0.9009897112846375, -0.15988889336585999], [0.0, 0.0, 0.0, 1.0]]","[[0.3480428159236908, 0.9352794289588928, 0.0641741007566452, 0.17495444416999817], [-0.3578459322452545, 0.19581098854541779, -0.9130191802978516, 0.8111215829849243], [-0.8664942383766174, 0.29480522871017456, 0.40283671021461487, -0.20622770488262177], [0.0, 0.0, 0.0, 1.0]]","[[-0.2446618676185608, 0.7154947519302368, -0.15988889336585999], [-0.22216354310512543, 0.7275296449661255, -0.17203104496002197], [-0.1794891059398651, 0.7330881357192993, -0.2017844170331955], [-0.16743722558021545, 0.726959228515625, -0.22532930970191956], [-0.1662440001964569, 0.7120581865310669, -0.25145626068115234], [-0.23051294684410095, 0.7332457304000854, -0.17318950593471527], [-0.21673855185508728, 0.749118447303772, -0.22274237871170044], [-0.19080761075019836, 0.7313926815986633, -0.25242894887924194], [-0.17642363905906677, 0.7126232981681824, -0.25773194432258606], [-0.16359415650367737, 0.6952450275421143, -0.25770342350006104], [-0.23724117875099182, 0.7263921499252319, -0.17910386621952057], [-0.2338976413011551, 0.7338740825653076, -0.23280495405197144], [-0.1992749273777008, 0.7088393568992615, -0.25419744849205017], [-0.19131708145141602, 0.6972114443778992, -0.22706711292266846], [-0.19580140709877014, 0.7014723420143127, -0.2119986116886139], [-0.24360980093479156, 0.7176614999771118, -0.1833229660987854], [-0.24605156481266022, 0.717196524143219, -0.2392321228981018], [-0.2127201408147812, 0.6968631744384766, -0.2548582851886749], [-0.20341701805591583, 0.689275324344635, -0.22742491960525513], [-0.21172977983951569, 0.6943477988243103, -0.21332550048828125], [-0.25142425298690796, 0.7071512341499329, -0.18711985647678375], [-0.2583635449409485, 0.6996856927871704, -0.23790091276168823], [-0.23163513839244843, 0.6835213303565979, -0.2516675591468811], [-0.22123366594314575, 0.6785591840744019, -0.2340920865535736], [-0.22649884223937988, 0.6848505735397339, -0.21179306507110596]]","[[0.17495444416999817, 0.8111215829849243, -0.20622770488262177], [0.15763415396213531, 0.8350862860679626, -0.20243628323078156], [0.1183670312166214, 0.8704441785812378, -0.21734726428985596], [0.10177098959684372, 0.8914108276367188, -0.23532599210739136], [0.0881442204117775, 0.9099798202514648, -0.2539224624633789], [0.16809159517288208, 0.83737713098526, -0.2018897384405136], [0.15915130078792572, 0.9062254428863525, -0.22054390609264374], [0.136091947555542, 0.9287158846855164, -0.25050562620162964], [0.11614376306533813, 0.9285616278648376, -0.2647170126438141], [0.0972614511847496, 0.9237864017486572, -0.27544742822647095], [0.17190702259540558, 0.8349743485450745, -0.21278327703475952], [0.16724519431591034, 0.8969973921775818, -0.2407505214214325], [0.12566030025482178, 0.9027177095413208, -0.26623663306236267], [0.1188417300581932, 0.8761557340621948, -0.25627416372299194], [0.13132262229919434, 0.8630377054214478, -0.24191750586032867], [0.1745765656232834, 0.8308316469192505, -0.22352096438407898], [0.17324882745742798, 0.8867856860160828, -0.2581941783428192], [0.1345742642879486, 0.8893091678619385, -0.27618828415870667], [0.12788808345794678, 0.8649747371673584, -0.2660733163356781], [0.1436268538236618, 0.8547137379646301, -0.2541579604148865], [0.17791201174259186, 0.8251751661300659, -0.23541982471942902], [0.1777532398700714, 0.8707963228225708, -0.2698982059955597], [0.14649556577205658, 0.8718448877334595, -0.28429967164993286], [0.13908714056015015, 0.856360912322998, -0.2756415009498596], [0.15255680680274963, 0.8477702736854553, -0.26314371824264526]]"
