Head Pose,Left Arm Pose,Right Arm Pose,Left Hand (25x3),Right Hand (25x3)
"[[0.0, 0.0, 0.0, 0.0], [0.0, 0.0, 0.0, 0.0], [0.0, 0.0, 0.0, 0.0], [0.0, 0.0, 0.0, 0.0]]","[[0.0, 0.0, 0.0, 0.0], [0.0, 0.0, 0.0, 0.0], [0.0, 0.0, 0.0, 0.0], [0.0, 0.0, 0.0, 0.0]]","[[0.0, 0.0, 0.0, 0.0], [0.0, 0.0, 0.0, 0.0], [0.0, 0.0, 0.0, 0.0], [0.0, 0.0, 0.0, 0.0]]","[[0.0, 0.0, 0.0], [0.0, 0.0, 0.0], [0.0, 0.0, 0.0], [0.0, 0.0, 0.0], [0.0, 0.0, 0.0], [0.0, 0.0, 0.0], [0.0, 0.0, 0.0], [0.0, 0.0, 0.0], [0.0, 0.0, 0.0], [0.0, 0.0, 0.0], [0.0, 0.0, 0.0], [0.0, 0.0, 0.0], [0.0, 0.0, 0.0], [0.0, 0.0, 0.0], [0.0, 0.0, 0.0], [0.0, 0.0, 0.0], [0.0, 0.0, 0.0], [0.0, 0.0, 0.0], [0.0, 0.0, 0.0], [0.0, 0.0, 0.0], [0.0, 0.0, 0.0], [0.0, 0.0, 0.0], [0.0, 0.0, 0.0], [0.0, 0.0, 0.0], [0.0, 0.0, 0.0]]","[[0.0, 0.0, 0.0], [0.0, 0.0, 0.0], [0.0, 0.0, 0.0], [0.0, 0.0, 0.0], [0.0, 0.0, 0.0], [0.0, 0.0, 0.0], [0.0, 0.0, 0.0], [0.0, 0.0, 0.0], [0.0, 0.0, 0.0], [0.0, 0.0, 0.0], [0.0, 0.0, 0.0], [0.0, 0.0, 0.0], [0.0, 0.0, 0.0], [0.0, 0.0, 0.0], [0.0, 0.0, 0.0], [0.0, 0.0, 0.0], [0.0, 0.0, 0.0], [0.0, 0.0, 0.0], [0.0, 0.0, 0.0], [0.0, 0.0, 0.0], [0.0, 0.0, 0.0], [0.0, 0.0, 0.0], [0.0, 0.0, 0.0], [0.0, 0.0, 0.0], [0.0, 0.0, 0.0]]"
"[[0.847998304005088, 0.32982091628272336, -0.4148699068225112, -0.5000000000000001], [0.0, 0.7827749746443304, 0.6223048602337666, 0.7499999999999999], [0.5299989400031799, -0.5277134660523575, 0.663791850916018, 0.8000000000000002], [0.0, 0.0, 0.0, 1.0]]","[[0.0, 0.0, 0.0, 0.0], [0.0, 0.0, 0.0, 0.0], [0.0, 0.0, 0.0, 0.0], [0.0, 0.0, 0.0, 0.0]]","[[0.0, 0.0, 0.0, 0.0], [0.0, 0.0, 0.0, 0.0], [0.0, 0.0, 0.0, 0.0], [0.0, 0.0, 0.0, 0.0]]","[[0.0, 0.0, 0.0], [0.0, 0.0, 0.0], [0.0, 0.0, 0.0], [0.0, 0.0, 0.0], [0.0, 0.0, 0.0], [0.0, 0.0, 0.0], [0.0, 0.0, 0.0], [0.0, 0.0, 0.0], [0.0, 0.0, 0.0], [0.0, 0.0, 0.0], [0.0, 0.0, 0.0], [0.0, 0.0, 0.0], [0.0, 0.0, 0.0], [0.0, 0.0, 0.0], [0.0, 0.0, 0.0], [0.0, 0.0, 0.0], [0.0, 0.0, 0.0], [0.0, 0.0, 0.0], [0.0, 0.0, 0.0], [0.0, 0.0, 0.0], [0.0, 0.0, 0.0], [0.0, 0.0, 0.0], [0.0, 0.0, 0.0], [0.0, 0.0, 0.0], [0.0, 0.0, 0.0]]","[[0.0, 0.0, 0.0], [0.0, 0.0, 0.0], [0.0, 0.0, 0.0], [0.0, 0.0, 0.0], [0.0, 0.0, 0.0], [0.0, 0.0, 0.0], [0.0, 0.0, 0.0], [0.0, 0.0, 0.0], [0.0, 0.0, 0.0], [0.0, 0.0, 0.0], [0.0, 0.0, 0.0], [0.0, 0.0, 0.0], [0.0, 0.0, 0.0], [0.0, 0.0, 0.0], [0.0, 0.0, 0.0], [0.0, 0.0, 0.0], [0.0, 0.0, 0.0], [0.0, 0.0, 0.0], [0.0, 0.0, 0.0], [0.0, 0.0, 0.0], [0.0, 0.0, 0.0], [0.0, 0.0, 0.0], [0.0, 0.0, 0.0], [0.0, 0.0, 0.0], [0.0, 0.0, 0.0]]"
"[[1.0, 0.0, 0.0, 0.0], [0.0, 1.0, 0.0, 0.0], [0.0, 0.0, 1.0, 0.0], [0.0, 0.0, 0.0, 1.0]]","[[0.0, 0.0, 0.0, 0.0], [0.0, 0.0, 0.0, 0.0], [0.0, 0.0, 0.0, 0.0], [0.0, 0.0, 0.0, 0.0]]","[[0.0, 0.0, 0.0, 0.0], [0.0, 0.0, 0.0, 0.0], [0.0, 0.0, 0.0, 0.0], [0.0, 0.0, 0.0, 0.0]]","[[0.0, 0.0, 0.0], [0.0, 0.0, 0.0], [0.0, 0.0, 0.0], [0.0, 0.0, 0.0], [0.0, 0.0, 0.0], [0.0, 0.0, 0.0], [0.0, 0.0, 0.0], [0.0, 0.0, 0.0], [0.0, 0.0, 0.0], [0.0, 0.0, 0.0], [0.0, 0.0, 0.0], [0.0, 0.0, 0.0], [0.0, 0.0, 0.0], [0.0, 0.0, 0.0], [0.0, 0.0, 0.0], [0.0, 0.0, 0.0], [0.0, 0.0, 0.0], [0.0, 0.0, 0.0], [0.0, 0.0, 0.0], [0.0, 0.0, 0.0], [0.0, 0.0, 0.0], [0.0, 0.0, 0.0], [0.0, 0.0, 0.0], [0.0, 0.0, 0.0], [0.0, 0.0, 0.0]]","[[0.0, 0.0, 0.0], [0.0, 0.0, 0.0], [0.0, 0.0, 0.0], [0.0, 0.0, 0.0], [0.0, 0.0, 0.0], [0.0, 0.0, 0.0], [0.0, 0.0, 0.0], [0.0, 0.0, 0.0], [0.0, 0.0, 0.0], [0.0, 0.0, 0.0], [0.0, 0.0, 0.0], [0.0, 0.0, 0.0], [0.0, 0.0, 0.0], [0.0, 0.0, 0.0], [0.0, 0.0, 0.0], [0.0, 0.0, 0.0], [0.0, 0.0, 0.0], [0.0, 0.0, 0.0], [0.0, 0.0, 0.0], [0.0, 0.0, 0.0], [0.0, 0.0, 0.0], [0.0, 0.0, 0.0], [0.0, 0.0, 0.0], [0.0, 0.0, 0.0], [0.0, 0.0, 0.0]]"
"[[0.9970064160974195, 0.007382329686164107, 0.07696526952370009, 0.03285030877857306], [-0.006703596895010032, 0.9999363422395898, -0.0090733209157585, 0.21579144138961615], [-0.07702735356704396, 0.008530215220689889, 0.9969924690567505, -0.024699003133540738], [0.0, 0.0, 0.0, 1.0]]","[[0.0, 0.0, 0.0, 0.0], [0.0, 0.0, 0.0, 0.0], [0.0, 0.0, 0.0, 0.0], [0.0, 0.0, 0.0, 0.0]]","[[0.0, 0.0, 0.0, 0.0], [0.0, 0.0, 0.0, 0.0], [0.0, 0.0, 0.0, 0.0], [0.0, 0.0, 0.0, 0.0]]","[[0.0, 0.0, 0.0], [0.0, 0.0, 0.0], [0.0, 0.0, 0.0], [0.0, 0.0, 0.0], [0.0, 0.0, 0.0], [0.0, 0.0, 0.0], [0.0, 0.0, 0.0], [0.0, 0.0, 0.0], [0.0, 0.0, 0.0], [0.0, 0.0, 0.0], [0.0, 0.0, 0.0], [0.0, 0.0, 0.0], [0.0, 0.0, 0.0], [0.0, 0.0, 0.0], [0.0, 0.0, 0.0], [0.0, 0.0, 0.0], [0.0, 0.0, 0.0], [0.0, 0.0, 0.0], [0.0, 0.0, 0.0], [0.0, 0.0, 0.0], [0.0, 0.0, 0.0], [0.0, 0.0, 0.0], [0.0, 0.0, 0.0], [0.0, 0.0, 0.0], [0.0, 0.0, 0.0]]","[[0.0, 0.0, 0.0], [0.0, 0.0, 0.0], [0.0, 0.0, 0.0], [0.0, 0.0, 0.0], [0.0, 0.0, 0.0], [0.0, 0.0, 0.0], [0.0, 0.0, 0.0], [0.0, 0.0, 0.0], [0.0, 0.0, 0.0], [0.0, 0.0, 0.0], [0.0, 0.0, 0.0], [0.0, 0.0, 0.0], [0.0, 0.0, 0.0], [0.0, 0.0, 0.0], [0.0, 0.0, 0.0], [0.0, 0.0, 0.0], [0.0, 0.0, 0.0], [0.0, 0.0, 0.0], [0.0, 0.0, 0.0], [0.0, 0.0, 0.0], [0.0, 0.0, 0.0], [0.0, 0.0, 0.0], [0.0, 0.0, 0.0], [0.0, 0.0, 0.0], [0.0, 0.0, 0.0]]"
"[[0.9999943971632579, 0.0027177051926190175, -0.001967825883751779, -0.0016620136430135555], [-0.002736123762450166, 0.9999518990538149, -0.00941841512847013, 1.1386136154650517], [0.0019421348546314553, 0.009423746504604147, 0.9999536871889959, -0.017878582793774692], [0.0, 0.0, 0.0, 1.0]]","[[0.0, 0.0, 0.0, 0.0], [0.0, 0.0, 0.0, 0.0], [0.0, 0.0, 0.0, 0.0], [0.0, 0.0, 0.0, 0.0]]","[[0.0, 0.0, 0.0, 0.0], [0.0, 0.0, 0.0, 0.0], [0.0, 0.0, 0.0, 0.0], [0.0, 0.0, 0.0, 0.0]]","[[0.0, 0.0, 0.0], [0.0, 0.0, 0.0], [0.0, 0.0, 0.0], [0.0, 0.0, 0.0], [0.0, 0.0, 0.0], [0.0, 0.0, 0.0], [0.0, 0.0, 0.0], [0.0, 0.0, 0.0], [0.0, 0.0, 0.0], [0.0, 0.0, 0.0], [0.0, 0.0, 0.0], [0.0, 0.0, 0.0], [0.0, 0.0, 0.0], [0.0, 0.0, 0.0], [0.0, 0.0, 0.0], [0.0, 0.0, 0.0], [0.0, 0.0, 0.0], [0.0, 0.0, 0.0], [0.0, 0.0, 0.0], [0.0, 0.0, 0.0], [0.0, 0.0, 0.0], [0.0, 0.0, 0.0], [0.0, 0.0, 0.0], [0.0, 0.0, 0.0], [0.0, 0.0, 0.0]]","[[0.0, 0.0, 0.0], [0.0, 0.0, 0.0], [0.0, 0.0, 0.0], [0.0, 0.0, 0.0], [0.0, 0.0, 0.0], [0.0, 0.0, 0.0], [0.0, 0.0, 0.0], [0.0, 0.0, 0.0], [0.0, 0.0, 0.0], [0.0, 0.0, 0.0], [0.0, 0.0, 0.0], [0.0, 0.0, 0.0], [0.0, 0.0, 0.0], [0.0, 0.0, 0.0], [0.0, 0.0, 0.0], [0.0, 0.0, 0.0], [0.0, 0.0, 0.0], [0.0, 0.0, 0.0], [0.0, 0.0, 0.0], [0.0, 0.0, 0.0], [0.0, 0.0, 0.0], [0.0, 0.0, 0.0], [0.0, 0.0, 0.0], [0.0, 0.0, 0.0], [0.0, 0.0, 0.0]]"
"[[0.99999505281431, 0.003009402836951281, -0.0009468662806709458, -0.0017796424046298354], [-0.0030183105810556187, 0.9999498128866333, -0.009551031239713136, 1.1385540887131587], [0.0009180759174826399, 0.009553841590498968, 0.9999539256122271, -0.017832261424950927], [0.0, 0.0, 0.0, 1.0]]","[[0.6770044565200806, -0.6020252108573914, -0.423356294631958, -0.300761342048645], [0.7339245676994324, 0.5951875448226929, 0.32727113366127014, 0.6119236350059509], [0.054950885474681854, -0.5322756171226501, 0.8447858095169067, -0.09759508818387985], [0.0, 0.0, 0.0, 1.0]]","[[0.0, 0.0, 0.0, 0.0], [0.0, 0.0, 0.0, 0.0], [0.0, 0.0, 0.0, 0.0], [0.0, 0.0, 0.0, 0.0]]","[[-0.300761342048645, 0.6119236350059509, -0.09759508818387985], [-0.2766004800796509, 0.6115994453430176, -0.10529520362615585], [-0.23701933026313782, 0.5740259289741516, -0.1174435243010521], [-0.21229612827301025, 0.5554930567741394, -0.12772266566753387], [-0.1841030716896057, 0.5507395267486572, -0.12766923010349274], [-0.2855164110660553, 0.609854519367218, -0.1109931692481041], [-0.24714761972427368, 0.5890559554100037, -0.16741016507148743], [-0.21719655394554138, 0.5684213638305664, -0.1937922239303589], [-0.1995718628168106, 0.557510495185852, -0.20667314529418945], [-0.18484747409820557, 0.5482447147369385, -0.21942207217216492], [-0.2928626835346222, 0.600215494632721, -0.11298596858978271], [-0.2661137878894806, 0.5732085108757019, -0.16914987564086914], [-0.24142001569271088, 0.5558396577835083, -0.20895007252693176], [-0.2238917499780655, 0.5442076325416565, -0.22829467058181763], [-0.21258561313152313, 0.5364992618560791, -0.2452622652053833], [-0.2992417812347412, 0.5922533273696899, -0.11316384375095367], [-0.2808559834957123, 0.555536687374115, -0.16873601078987122], [-0.26004672050476074, 0.5353636145591736, -0.19875478744506836], [-0.24215860664844513, 0.5191145539283752, -0.2089693248271942], [-0.22876125574111938, 0.5068632364273071, -0.21756921708583832], [-0.3066540062427521, 0.5843496322631836, -0.11270703375339508], [-0.2969833314418793, 0.5435282588005066, -0.15921154618263245], [-0.28009459376335144, 0.5242403745651245, -0.18113426864147186], [-0.2677747905254364, 0.5115311741828918, -0.18653589487075806], [-0.2551080882549286, 0.499986857175827, -0.19166317582130432]]","[[0.0, 0.0, 0.0], [0.0, 0.0, 0.0], [0.0, 0.0, 0.0], [0.0, 0.0, 0.0], [0.0, 0.0, 0.0], [0.0, 0.0, 0.0], [0.0, 0.0, 0.0], [0.0, 0.0, 0.0], [0.0, 0.0, 0.0], [0.0, 0.0, 0.0], [0.0, 0.0, 0.0], [0.0, 0.0, 0.0], [0.0, 0.0, 0.0], [0.0, 0.0, 0.0], [0.0, 0.0, 0.0], [0.0, 0.0, 0.0], [0.0, 0.0, 0.0], [0.0, 0.0, 0.0], [0.0, 0.0, 0.0], [0.0, 0.0, 0.0], [0.0, 0.0, 0.0], [0.0, 0.0, 0.0], [0.0, 0.0, 0.0], [0.0, 0.0, 0.0], [0.0, 0.0, 0.0]]"
"[[0.9999002218181274, -0.005052290417298749, 0.013193510901852841, -0.0034359827068642162], [0.004943761948451326, 0.9999538063988789, 0.008245596504679818, 1.1369031212189191], [-0.0132345608801401, -0.008179548353978506, 0.9998789429743871, -0.016282269107668303], [0.0, 0.0, 0.0, 1.0]]","[[0.6555613279342651, -0.6245936751365662, -0.4244079887866974, -0.3064698278903961], [0.7534008622169495, 0.5791210532188416, 0.31145772337913513, 0.6412171125411987], [0.05124907195568085, -0.5239289999008179, 0.8502187728881836, -0.10673342645168304], [0.0, 0.0, 0.0, 1.0]]","[[0.6096513271331787, 0.7897735834121704, 0.06769537925720215, 0.16963618993759155], [-0.23728612065315247, 0.2633184790611267, -0.9350711703300476, 0.8433331251144409], [-0.7563202381134033, 0.5540040731430054, 0.34793493151664734, -0.126688614487648], [0.0, 0.0, 0.0, 1.0]]","[[-0.3064698278903961, 0.6412171125411987, -0.10673342645168304], [-0.2824338674545288, 0.6417102813720703, -0.11466513574123383], [-0.24245023727416992, 0.6049308180809021, -0.12791740894317627], [-0.22550451755523682, 0.5803647041320801, -0.1408325582742691], [-0.20456138253211975, 0.5642248392105103, -0.1514001488685608], [-0.29145538806915283, 0.6397644877433777, -0.12022481858730316], [-0.252419114112854, 0.6208655834197998, -0.17635133862495422], [-0.2233993113040924, 0.5910788774490356, -0.1929028034210205], [-0.20677268505096436, 0.5756769180297852, -0.20136815309524536], [-0.1928146779537201, 0.5622557401657104, -0.2103876769542694], [-0.298540860414505, 0.6299380660057068, -0.12217522412538528], [-0.2711840271949768, 0.6045810580253601, -0.17855818569660187], [-0.24125422537326813, 0.5781738758087158, -0.20786261558532715], [-0.22207295894622803, 0.5623409152030945, -0.2216426134109497], [-0.20939520001411438, 0.5512205362319946, -0.23471638560295105], [-0.3046513795852661, 0.6217917799949646, -0.12233295291662216], [-0.28600892424583435, 0.5860015153884888, -0.17791946232318878], [-0.2623641788959503, 0.5622827410697937, -0.20253886282444], [-0.24381080269813538, 0.5452523231506348, -0.2098185420036316], [-0.22989368438720703, 0.5323644876480103, -0.2160179615020752], [-0.31176814436912537, 0.6136614084243774, -0.12185472995042801], [-0.3017114996910095, 0.5734573006629944, -0.1683364361524582], [-0.2839430272579193, 0.5533665418624878, -0.18869370222091675], [-0.27149438858032227, 0.540720522403717, -0.19393819570541382], [-0.2587732970714569, 0.5292909145355225, -0.19910283386707306]]","[[0.16963618993759155, 0.8433331251144409, -0.126688614487648], [0.15002740919589996, 0.8642882704734802, -0.12547975778579712], [0.11706538498401642, 0.8903884291648865, -0.14931359887123108], [0.10400919616222382, 0.9091582894325256, -0.17109698057174683], [0.09381795674562454, 0.9271607398986816, -0.1914653182029724], [0.15922194719314575, 0.8675063848495483, -0.12178748100996017], [0.15123087167739868, 0.9270066022872925, -0.13766182959079742], [0.13130594789981842, 0.9485994577407837, -0.17179638147354126], [0.11555042862892151, 0.9465756416320801, -0.190236896276474], [0.10111130774021149, 0.9399361610412598, -0.2050422728061676], [0.16924473643302917, 0.861192524433136, -0.13034231960773468], [0.16566522419452667, 0.9208287596702576, -0.15459798276424408], [0.12928487360477448, 0.9240320920944214, -0.18830618262290955], [0.12812379002571106, 0.896980881690979, -0.17857462167739868], [0.14362046122550964, 0.8940889239311218, -0.16238903999328613], [0.17691242694854736, 0.8556581139564514, -0.14064078032970428], [0.1767358034849167, 0.9132306575775146, -0.17066168785095215], [0.14148211479187012, 0.9095552563667297, -0.19469238817691803], [0.13921894133090973, 0.8846356272697449, -0.18579387664794922], [0.15719105303287506, 0.8845030665397644, -0.17312109470367432], [0.18367117643356323, 0.8504400253295898, -0.15157614648342133], [0.18552853167057037, 0.8986130356788635, -0.18140286207199097], [0.15628290176391602, 0.8938531875610352, -0.19942259788513184], [0.15148822963237762, 0.8771833777427673, -0.19206777215003967], [0.1672508269548416, 0.8753564953804016, -0.17948877811431885]]"
"[[0.9998731613182417, -0.004922352595287242, 0.015147798890127465, -0.00354636928787096], [0.004761867826772055, 0.9999323487253655, 0.010612489325100215, 1.1366572848928145], [-0.01519901285891361, -0.01053901142895815, 0.9998289346700415, -0.015966365181039985], [0.0, 0.0, 0.0, 1.0]]","[[0.6635764837265015, -0.6285768151283264, -0.40565672516822815, -0.30612874031066895], [0.7445109486579895, 0.6079835295677185, 0.2757888734340668, 0.6610934734344482], [0.07327811419963837, -0.4850228726863861, 0.8714259266853333, -0.10776258260011673], [0.0, 0.0, 0.0, 1.0]]","[[0.6076593995094299, 0.7908380031585693, 0.07297329604625702, 0.16956330835819244], [-0.23701344430446625, 0.26827362179756165, -0.9337310194969177, 0.8444797396659851], [-0.7580069303512573, 0.5500946640968323, 0.3504583239555359, -0.126429483294487], [0.0, 0.0, 0.0, 1.0]]","[[-0.30612874031066895, 0.6610934734344482, -0.10776258260011673], [-0.28229740262031555, 0.6618849039077759, -0.11615204811096191], [-0.24315162003040314, 0.6260016560554504, -0.1334436684846878], [-0.22829289734363556, 0.6012754440307617, -0.1482895314693451], [-0.21211141347885132, 0.5823787450790405, -0.16202165186405182], [-0.29140183329582214, 0.6602948307991028, -0.1213957890868187], [-0.25323665142059326, 0.6441037654876709, -0.1786305457353592], [-0.22566217184066772, 0.6106225848197937, -0.18894952535629272], [-0.20982129871845245, 0.5928846001625061, -0.19282792508602142], [-0.19635769724845886, 0.5772024989128113, -0.19765907526016235], [-0.29861047863960266, 0.650624692440033, -0.12363030761480331], [-0.2727912664413452, 0.6281973123550415, -0.1817144900560379], [-0.241193950176239, 0.5965505838394165, -0.2023683488368988], [-0.2213490754365921, 0.5777008533477783, -0.20995986461639404], [-0.2077995389699936, 0.5640326142311096, -0.2183680683374405], [-0.3048110008239746, 0.6425426602363586, -0.1240934431552887], [-0.28747209906578064, 0.609153151512146, -0.18113701045513153], [-0.2625787854194641, 0.5841431021690369, -0.2030431628227234], [-0.2438274621963501, 0.5666338801383972, -0.2086583524942398], [-0.22978395223617554, 0.55338054895401, -0.2134857326745987], [-0.31201425194740295, 0.6344574689865112, -0.12393908947706223], [-0.30308330059051514, 0.5962790250778198, -0.17187032103538513], [-0.28433048725128174, 0.5772310495376587, -0.1925228238105774], [-0.27149102091789246, 0.5650758743286133, -0.19825617969036102], [-0.25839757919311523, 0.5541771650314331, -0.20392203330993652]]","[[0.16956330835819244, 0.8444797396659851, -0.126429483294487], [0.14986836910247803, 0.8653542399406433, -0.12520508468151093], [0.11667788028717041, 0.8912416100502014, -0.14899758994579315], [0.10347631573677063, 0.9099567532539368, -0.17078591883182526], [0.09314922243356705, 0.9278719425201416, -0.19116882979869843], [0.159062922000885, 0.8686206340789795, -0.1215582937002182], [0.15074267983436584, 0.928070068359375, -0.13758693635463715], [0.13060402870178223, 0.9495434761047363, -0.17172811925411224], [0.11479383707046509, 0.9474057555198669, -0.19010767340660095], [0.10033321380615234, 0.9406636953353882, -0.20483911037445068], [0.1690550297498703, 0.862307608127594, -0.1301364302635193], [0.1651330292224884, 0.9219427108764648, -0.15456032752990723], [0.12863466143608093, 0.92491614818573, -0.18814730644226074], [0.12761551141738892, 0.897877037525177, -0.1783287227153778], [0.14310942590236664, 0.8948597311973572, -0.16216950118541718], [0.1766984909772873, 0.8567694425582886, -0.14044949412345886], [0.17617569863796234, 0.9143365621566772, -0.17063386738300323], [0.14085616171360016, 0.9104453325271606, -0.1945321261882782], [0.13872282207012177, 0.8855295777320862, -0.18555030226707458], [0.15672430396080017, 0.8854793310165405, -0.17293953895568848], [0.18342658877372742, 0.8515297770500183, -0.1514022946357727], [0.184989333152771, 0.8997477293014526, -0.18137474358081818], [0.15571796894073486, 0.8948137164115906, -0.19926884770393372], [0.15101678669452667, 0.8781409859657288, -0.191848024725914], [0.1668235957622528, 0.876414954662323, -0.1793248951435089]]"
"[[0.9998053908351837, -0.0005864107656746581, 0.019719271008156184, -0.0036364658085450926], [0.0002391055172553811, 0.9998449087054119, 0.01761022718506627, 1.1359469824507429], [-0.01972653901181376, -0.017602084708635272, 0.9996504783715451, -0.0149685074201697], [0.0, 0.0, 0.0, 1.0]]","[[0.6690836548805237, -0.6425054669380188, -0.3735153079032898, -0.30531594157218933], [0.7388682961463928, 0.6291829943656921, 0.24125155806541443, 0.6766006946563721], [0.08000399172306061, -0.4373961091041565, 0.8957030773162842, -0.10591406375169754], [0.0, 0.0, 0.0, 1.0]]","[[0.607174277305603, 0.7904742956161499, 0.08055872470140457, 0.17019139230251312], [-0.2332697957754135, 0.27425509691238403, -0.9329357743263245, 0.8444856405258179], [-0.759555459022522, 0.547662615776062, 0.35091447830200195, -0.1269494891166687], [0.0, 0.0, 0.0, 1.0]]","[[-0.30531594157218933, 0.6766006946563721, -0.10591406375169754], [-0.28194212913513184, 0.6777975559234619, -0.11515713483095169], [-0.24394403398036957, 0.6430974006652832, -0.13634058833122253], [-0.22973224520683289, 0.6194295883178711, -0.15317241847515106], [-0.21508294343948364, 0.6009039282798767, -0.16895169019699097], [-0.29123276472091675, 0.6764727830886841, -0.11996299773454666], [-0.25513899326324463, 0.6625695824623108, -0.17883440852165222], [-0.22905242443084717, 0.6282651424407959, -0.19008448719978333], [-0.21406328678131104, 0.6097286343574524, -0.19302593171596527], [-0.20134231448173523, 0.593188464641571, -0.1965697705745697], [-0.2985494136810303, 0.6669316291809082, -0.12231094390153885], [-0.27497175335884094, 0.6470031142234802, -0.18195617198944092], [-0.24356389045715332, 0.6133655309677124, -0.1990889608860016], [-0.22383683919906616, 0.5931921005249023, -0.20205360651016235], [-0.21012909710407257, 0.5782954096794128, -0.2068004608154297], [-0.3047909736633301, 0.6588985323905945, -0.12291616201400757], [-0.2895824909210205, 0.627798855304718, -0.1814887672662735], [-0.2642095685005188, 0.6020150184631348, -0.2017572522163391], [-0.24537530541419983, 0.5841547250747681, -0.20573091506958008], [-0.23128844797611237, 0.5706378221511841, -0.2092118114233017], [-0.31201252341270447, 0.650840163230896, -0.12289370596408844], [-0.30487316846847534, 0.61458820104599, -0.17222464084625244], [-0.2854706943035126, 0.5958055257797241, -0.19254246354103088], [-0.27230823040008545, 0.5838384628295898, -0.19801516830921173], [-0.2588329017162323, 0.5731263160705566, -0.2031521201133728]]","[[0.17019139230251312, 0.8444856405258179, -0.1269494891166687], [0.15034547448158264, 0.8652281165122986, -0.1256840080022812], [0.11686614900827408, 0.8908426761627197, -0.14940275251865387], [0.10349477827548981, 0.909531831741333, -0.1711791306734085], [0.09300021082162857, 0.9273756742477417, -0.1915624588727951], [0.15952864289283752, 0.8685617446899414, -0.12206394225358963], [0.15070044994354248, 0.9279927015304565, -0.13811764121055603], [0.1303369700908661, 0.9493536949157715, -0.17224431037902832], [0.11450114846229553, 0.9470924735069275, -0.1905883252620697], [0.10005107522010803, 0.9402340054512024, -0.2052830159664154], [0.16950534284114838, 0.8622890114784241, -0.13066336512565613], [0.16508933901786804, 0.9219830632209778, -0.15513551235198975], [0.1285015046596527, 0.9246920943260193, -0.18865016102790833], [0.12769030034542084, 0.897636353969574, -0.17879897356033325], [0.14323604106903076, 0.8947241902351379, -0.16266751289367676], [0.17714504897594452, 0.8567842245101929, -0.1409941017627716], [0.1761481612920761, 0.9144506454467773, -0.17124396562576294], [0.14080923795700073, 0.9102951884269714, -0.19505928456783295], [0.13886678218841553, 0.8853564858436584, -0.18604536354541779], [0.15688781440258026, 0.8854109048843384, -0.17346791923046112], [0.1838676929473877, 0.8515702486038208, -0.1519712656736374], [0.1850382387638092, 0.8999115228652954, -0.1820022612810135], [0.15576675534248352, 0.894756555557251, -0.1998254656791687], [0.15119725465774536, 0.8780494332313538, -0.19237446784973145], [0.16703927516937256, 0.8764405846595764, -0.17988669872283936]]"
"[[0.9997664689962962, 0.0006048860826726468, 0.02160203431310135, -0.0035333947210625144], [-0.0010417577128660482, 0.9997950792293985, 0.020218111483908778, 1.1357078631198152], [-0.02158537718890233, -0.02023589433863055, 0.9995622038914859, -0.01433945681670288], [0.0, 0.0, 0.0, 1.0]]","[[0.69484543800354, -0.6562604308128357, -0.2941291332244873, -0.30216288566589355], [0.7067837119102478, 0.6987091898918152, 0.11073463410139084, 0.7038348913192749], [0.13283993303775787, -0.28482916951179504, 0.9493291974067688, -0.10089409351348877], [0.0, 0.0, 0.0, 1.0]]","[[0.6085915565490723, 0.7884764671325684, 0.08899953961372375, 0.17168837785720825], [-0.22720853984355927, 0.28063300251960754, -0.9325346946716309, 0.8446600437164307], [-0.7602580785751343, 0.5473111867904663, 0.34993961453437805, -0.12706410884857178], [0.0, 0.0, 0.0, 1.0]]","[[-0.30216288566589355, 0.7038348913192749, -0.10089409351348877], [-0.2799147069454193, 0.7064836025238037, -0.11184243857860565], [-0.24335938692092896, 0.6771836280822754, -0.1399734616279602], [-0.22999435663223267, 0.6572707295417786, -0.16123688220977783], [-0.21904024481773376, 0.6405314207077026, -0.18138736486434937], [-0.2894818186759949, 0.7060798406600952, -0.11528614163398743], [-0.25848835706710815, 0.7004517316818237, -0.1774453967809677], [-0.23510295152664185, 0.6654115915298462, -0.19162079691886902], [-0.22189363837242126, 0.6456061601638794, -0.19324305653572083], [-0.21087659895420074, 0.6277291774749756, -0.19448915123939514], [-0.2972014844417572, 0.6971340775489807, -0.11831068992614746], [-0.27888748049736023, 0.6860217452049255, -0.1810939908027649], [-0.25040316581726074, 0.6497380137443542, -0.19749413430690765], [-0.23366901278495789, 0.6280450224876404, -0.19047735631465912], [-0.22227787971496582, 0.6119287014007568, -0.18493270874023438], [-0.30370980501174927, 0.6894096732139587, -0.11972364783287048], [-0.2938314378261566, 0.6669610142707825, -0.18200021982192993], [-0.26858437061309814, 0.6406871676445007, -0.20160406827926636], [-0.25083059072494507, 0.6220833659172058, -0.19607558846473694], [-0.23815464973449707, 0.6083579659461975, -0.18989911675453186], [-0.3111639618873596, 0.681593656539917, -0.12055318057537079], [-0.30864110589027405, 0.652741551399231, -0.17354446649551392], [-0.2898937165737152, 0.6344443559646606, -0.1948079764842987], [-0.27613580226898193, 0.6219084858894348, -0.19611519575119019], [-0.26215988397598267, 0.6108973026275635, -0.19453701376914978]]","[[0.17168837785720825, 0.8446600437164307, -0.12706410884857178], [0.15165770053863525, 0.8652356266975403, -0.1257631480693817], [0.11785855889320374, 0.890522837638855, -0.14944662153720856], [0.10439327359199524, 0.9093056917190552, -0.1712244302034378], [0.09375174343585968, 0.9270763993263245, -0.19161438941955566], [0.1608159840106964, 0.8686456680297852, -0.12214545905590057], [0.15142413973808289, 0.9281393885612488, -0.13815398514270782], [0.13112689554691315, 0.9497513175010681, -0.17219781875610352], [0.11532159149646759, 0.947588324546814, -0.1905973106622696], [0.10089311748743057, 0.9408083558082581, -0.2053731232881546], [0.1707971841096878, 0.8624398112297058, -0.13075442612171173], [0.1658695787191391, 0.9223030805587769, -0.155208021402359], [0.12934592366218567, 0.9246867299079895, -0.18878307938575745], [0.12875208258628845, 0.8976211547851562, -0.17893412709236145], [0.14427295327186584, 0.8948345184326172, -0.1627713441848755], [0.17845366895198822, 0.8569782376289368, -0.14109964668750763], [0.17700441181659698, 0.9148681163787842, -0.17134711146354675], [0.1417185664176941, 0.9104050397872925, -0.19516277313232422], [0.13998354971408844, 0.8854571580886841, -0.18616297841072083], [0.1579848825931549, 0.8856611251831055, -0.17358744144439697], [0.1851990520954132, 0.8518205881118774, -0.15210577845573425], [0.1860254406929016, 0.9004101753234863, -0.18213871121406555], [0.15681929886341095, 0.8949999809265137, -0.19995558261871338], [0.1523907482624054, 0.8782652020454407, -0.1925128698348999], [0.16823412477970123, 0.87679523229599, -0.18002592027187347]]"
"[[0.9997230172158088, 0.002826713249025731, 0.023363472898628914, -0.0030614182642532094], [-0.003387476094128698, 0.9997062683314499, 0.023997071134890774, 1.13537660238464], [-0.023288777093264854, -0.024069567275200668, 0.9994390010624427, -0.012620445223791073], [0.0, 0.0, 0.0, 1.0]]","[[0.678027868270874, -0.6921699047088623, -0.24734406173229218, -0.3023565411567688], [0.7003751397132874, 0.710493803024292, -0.06836048513650894, 0.7274553775787354], [0.2230534851551056, -0.12688332796096802, 0.9665132164955139, -0.09594263136386871], [0.0, 0.0, 0.0, 1.0]]","[[0.6123299598693848, 0.7853653430938721, 0.09084779769182205, 0.1734384149312973], [-0.2227735072374344, 0.28165099024772644, -0.9332977533340454, 0.844505786895752], [-0.7585670948028564, 0.5512477159500122, 0.34742191433906555, -0.128604918718338], [0.0, 0.0, 0.0, 1.0]]","[[-0.3023565411567688, 0.7274553775787354, -0.09594263136386871], [-0.28101345896720886, 0.7335718870162964, -0.10728587210178375], [-0.24408939480781555, 0.7128235697746277, -0.13931645452976227], [-0.23022714257240295, 0.6983634829521179, -0.16402184963226318], [-0.21957403421401978, 0.6861342787742615, -0.18747416138648987], [-0.29096293449401855, 0.7335315346717834, -0.10935323685407639], [-0.26326432824134827, 0.7400035858154297, -0.17192135751247406], [-0.2398873269557953, 0.7084212303161621, -0.19266897439956665], [-0.22674091160297394, 0.6887144446372986, -0.1949652135372162], [-0.21603508293628693, 0.6707113981246948, -0.1955307424068451], [-0.29856595396995544, 0.7249546647071838, -0.11341903358697891], [-0.28335806727409363, 0.7257322072982788, -0.1769343614578247], [-0.2543317675590515, 0.6916417479515076, -0.19690272212028503], [-0.23802568018436432, 0.669626772403717, -0.19007717072963715], [-0.22749115526676178, 0.6535210609436035, -0.18314042687416077], [-0.3048363924026489, 0.7173104286193848, -0.11606840789318085], [-0.29775872826576233, 0.7064107060432434, -0.1801488995552063], [-0.27040448784828186, 0.6803115606307983, -0.19712410867214203], [-0.25393059849739075, 0.6621460318565369, -0.18746411800384521], [-0.24325771629810333, 0.6493194103240967, -0.17689946293830872], [-0.3119777739048004, 0.7094163298606873, -0.11827678233385086], [-0.3116147220134735, 0.6901887655258179, -0.1735462248325348], [-0.28909146785736084, 0.6717971563339233, -0.190912663936615], [-0.2749541401863098, 0.6600183248519897, -0.18688276410102844], [-0.2617530822753906, 0.6505740284919739, -0.17890968918800354]]","[[0.1734384149312973, 0.844505786895752, -0.128604918718338], [0.15332597494125366, 0.8650236129760742, -0.12731987237930298], [0.11945945024490356, 0.8901795148849487, -0.15110190212726593], [0.1061539575457573, 0.9091948866844177, -0.1729438751935959], [0.09555123001337051, 0.9269590377807617, -0.19337204098701477], [0.1624634563922882, 0.8684557676315308, -0.12365423142910004], [0.15295347571372986, 0.9281203746795654, -0.13956913352012634], [0.1332273632287979, 0.9504622220993042, -0.17352476716041565], [0.11750411987304688, 0.9485683441162109, -0.19206488132476807], [0.1031014546751976, 0.9420259594917297, -0.20700496435165405], [0.17248748242855072, 0.8623002767562866, -0.13224537670612335], [0.1675061285495758, 0.9223979711532593, -0.15662722289562225], [0.1319667547941208, 0.9259868264198303, -0.1911945641040802], [0.13052579760551453, 0.8988184928894043, -0.18176309764385223], [0.14548802375793457, 0.8953183889389038, -0.1651727557182312], [0.18018147349357605, 0.8568136692047119, -0.14260663092136383], [0.1787530779838562, 0.915013313293457, -0.1727723330259323], [0.1437915712594986, 0.9108673334121704, -0.1971449851989746], [0.14183653891086578, 0.8858621120452881, -0.18838968873023987], [0.15953044593334198, 0.8851830959320068, -0.17534224689006805], [0.18699976801872253, 0.8517597317695618, -0.1536276936531067], [0.18787910044193268, 0.9006040692329407, -0.1835927963256836], [0.15881258249282837, 0.8950997591018677, -0.20161381363868713], [0.1544051468372345, 0.8783433437347412, -0.19423404335975647], [0.170016810297966, 0.8764896988868713, -0.1814805418252945]]"
"[[0.9997202158021316, 0.003215844796732814, 0.023433696671442728, -0.0030128063452810033], [-0.003786685124277324, 0.9996961951029079, 0.024356295365616547, 1.1353646580555778], [-0.023348251164837113, -0.024438218202665632, 0.9994286298930914, -0.012382996261841684], [0.0, 0.0, 0.0, 1.0]]","[[0.673358142375946, -0.702798068523407, -0.2294856756925583, -0.30271652340888977], [0.6889079213142395, 0.7091078162193298, -0.1502397358417511, 0.7370452284812927], [0.2683182954788208, -0.056929364800453186, 0.9616466760635376, -0.09496864676475525], [0.0, 0.0, 0.0, 1.0]]","[[0.6079437136650085, 0.7887475490570068, 0.09100420027971268, 0.1743692308664322], [-0.22213983535766602, 0.27900993824005127, -0.9342415928840637, 0.8449355363845825], [-0.7622718811035156, 0.5477506518363953, 0.344834566116333, -0.1299867182970047], [0.0, 0.0, 0.0, 1.0]]","[[-0.30271652340888977, 0.7370452284812927, -0.09496864676475525], [-0.2817206084728241, 0.7446687817573547, -0.10613913089036942], [-0.24464860558509827, 0.7274467945098877, -0.13901588320732117], [-0.2306865006685257, 0.7157991528511047, -0.16495192050933838], [-0.22041752934455872, 0.705916166305542, -0.18970756232738495], [-0.29178836941719055, 0.7447439432144165, -0.10759175568819046], [-0.2652749717235565, 0.7569258213043213, -0.16927242279052734], [-0.24191083014011383, 0.7273587584495544, -0.19289034605026245], [-0.22876876592636108, 0.7076893448829651, -0.19606871902942657], [-0.21812930703163147, 0.6896973848342896, -0.19685786962509155], [-0.299366295337677, 0.7364317178726196, -0.1121576800942421], [-0.2851843237876892, 0.7429417967796326, -0.17500938475131989], [-0.2559100389480591, 0.7101892232894897, -0.19707299768924713], [-0.2400568127632141, 0.6879461407661438, -0.18979711830615997], [-0.23028653860092163, 0.6719765067100525, -0.18157103657722473], [-0.305569589138031, 0.7289299368858337, -0.11541338264942169], [-0.29932892322540283, 0.7238351106643677, -0.17936858534812927], [-0.2714530825614929, 0.6990602612495422, -0.19790256023406982], [-0.25549444556236267, 0.6808690428733826, -0.18737059831619263], [-0.24600256979465485, 0.6685349941253662, -0.17513087391853333], [-0.31261855363845825, 0.7211212515830994, -0.11831216514110565], [-0.3130186200141907, 0.7064955830574036, -0.1739557981491089], [-0.2898681163787842, 0.6892386078834534, -0.19183248281478882], [-0.27604955434799194, 0.6777440309524536, -0.18606682121753693], [-0.2641621232032776, 0.6692225337028503, -0.1752343773841858]]","[[0.1743692308664322, 0.8449355363845825, -0.1299867182970047], [0.15428976714611053, 0.8654926419258118, -0.12855085730552673], [0.12031693756580353, 0.8907102346420288, -0.1521211713552475], [0.10710559040307999, 0.9098952412605286, -0.17397211492061615], [0.0965212807059288, 0.9276880025863647, -0.19439193606376648], [0.16345392167568207, 0.868901789188385, -0.12492336332798004], [0.15399974584579468, 0.9287281036376953, -0.14067290723323822], [0.1343323141336441, 0.95140540599823, -0.17448005080223083], [0.11849591881036758, 0.9495384693145752, -0.1929483264684677], [0.10399031639099121, 0.9430224299430847, -0.20782022178173065], [0.1734369993209839, 0.8627370595932007, -0.13355880975723267], [0.1684611290693283, 0.9230060577392578, -0.15783655643463135], [0.13335242867469788, 0.9279066324234009, -0.19277352094650269], [0.13112932443618774, 0.9006685614585876, -0.18373170495033264], [0.14566205441951752, 0.896008312702179, -0.16696056723594666], [0.1810588389635086, 0.8572240471839905, -0.14398163557052612], [0.17961521446704865, 0.9156324863433838, -0.17407271265983582], [0.1448490470647812, 0.912732720375061, -0.19898617267608643], [0.1422220766544342, 0.8876171708106995, -0.1907474398612976], [0.15957045555114746, 0.8855054974555969, -0.17728692293167114], [0.1878272145986557, 0.852239191532135, -0.15506525337696075], [0.18866148591041565, 0.9012277722358704, -0.18497994542121887], [0.15956804156303406, 0.8961780667304993, -0.20314109325408936], [0.1549742966890335, 0.879396915435791, -0.19593000411987305], [0.1703309267759323, 0.8767182230949402, -0.18295489251613617]]"
"[[0.9997050166050315, 0.002483524908873664, 0.02416044253482893, -0.0023929478249063215], [-0.0031395744852689682, 0.999626338466954, 0.02715394777856684, 1.1352355775233616], [-0.024083977904175997, -0.027221791989580645, 0.9993392229309804, -0.009922289954647612], [0.0, 0.0, 0.0, 1.0]]","[[0.647151529788971, -0.734367311000824, -0.20469367504119873, -0.2982480227947235], [0.673071563243866, 0.6764635443687439, -0.29895102977752686, 0.751143217086792], [0.35800766944885254, 0.05569310486316681, 0.932056188583374, -0.09370821714401245], [0.0, 0.0, 0.0, 1.0]]","[[0.6015847325325012, 0.7934194803237915, 0.0926351398229599, 0.17625291645526886], [-0.21725991368293762, 0.27411001920700073, -0.9368360042572021, 0.8466932773590088], [-0.7686961889266968, 0.5434603095054626, 0.33727866411209106, -0.13170164823532104], [0.0, 0.0, 0.0, 1.0]]","[[-0.2982480227947235, 0.751143217086792, -0.09370821714401245], [-0.2779066562652588, 0.7618856430053711, -0.10386372357606888], [-0.2404489815235138, 0.7504734396934509, -0.13708581030368805], [-0.22618210315704346, 0.7433318495750427, -0.16420798003673553], [-0.21579143404960632, 0.737575888633728, -0.19022352993488312], [-0.28826436400413513, 0.7618585824966431, -0.10433216392993927], [-0.2637479603290558, 0.785369873046875, -0.16258329153060913], [-0.23897047340869904, 0.7615835666656494, -0.19020649790763855], [-0.22523945569992065, 0.7422508597373962, -0.19611114263534546], [-0.21401113271713257, 0.724449634552002, -0.19903430342674255], [-0.2955836355686188, 0.7539716362953186, -0.10985495895147324], [-0.2826003134250641, 0.7713519930839539, -0.16992060840129852], [-0.2512179911136627, 0.7442959547042847, -0.19596543908119202], [-0.23558571934700012, 0.7207201719284058, -0.18988564610481262], [-0.22617149353027344, 0.7048635482788086, -0.18108639121055603], [-0.30144572257995605, 0.7467134594917297, -0.11427424848079681], [-0.29564714431762695, 0.7529880404472351, -0.1764141023159027], [-0.266002357006073, 0.7335100173950195, -0.19844263792037964], [-0.2498631477355957, 0.7136146426200867, -0.1904192566871643], [-0.2402665615081787, 0.7007731199264526, -0.17890137434005737], [-0.3080831468105316, 0.7390359044075012, -0.11852173507213593], [-0.30849793553352356, 0.7337329387664795, -0.17344409227371216], [-0.2838748097419739, 0.7204868197441101, -0.19293281435966492], [-0.27004534006118774, 0.7080848217010498, -0.1887713372707367], [-0.25822722911834717, 0.6991345882415771, -0.17834129929542542]]","[[0.17625291645526886, 0.8466932773590088, -0.13170164823532104], [0.1561986654996872, 0.8672723770141602, -0.12995870411396027], [0.1218397468328476, 0.8923472166061401, -0.15322092175483704], [0.10862692445516586, 0.9117941856384277, -0.1750403791666031], [0.09805861115455627, 0.9295611381530762, -0.19550657272338867], [0.16539545357227325, 0.8706462383270264, -0.126376673579216], [0.1553451120853424, 0.9306497573852539, -0.14206407964229584], [0.13556768000125885, 0.9534562826156616, -0.17573004961013794], [0.11960458010435104, 0.9511709809303284, -0.19405624270439148], [0.10507239401340485, 0.9442892670631409, -0.20875483751296997], [0.17537681758403778, 0.8643648028373718, -0.13513021171092987], [0.17024952173233032, 0.925164520740509, -0.1590004563331604], [0.1372976005077362, 0.9351977109909058, -0.1951463669538498], [0.13179674744606018, 0.9079322814941406, -0.18798062205314636], [0.14382295310497284, 0.898474931716919, -0.17102020978927612], [0.18280909955501556, 0.8589733839035034, -0.14565420150756836], [0.1812577247619629, 0.9178978204727173, -0.1753956526517868], [0.1475491225719452, 0.9187144041061401, -0.20202390849590302], [0.14326192438602448, 0.8934597969055176, -0.1951112598180771], [0.15874046087265015, 0.8866731524467468, -0.18069663643836975], [0.1895131766796112, 0.8542367815971375, -0.15685001015663147], [0.19036652147769928, 0.9036275744438171, -0.18636974692344666], [0.1614896059036255, 0.9007525444030762, -0.20544089376926422], [0.15596936643123627, 0.8839235305786133, -0.19906513392925262], [0.16982610523700714, 0.8779274225234985, -0.18536928296089172]]"
