Head Pose,Left Arm Pose,Right Arm Pose,Left Hand (25x3),Right Hand (25x3)
"[[0.0, 0.0, 0.0, 0.0], [0.0, 0.0, 0.0, 0.0], [0.0, 0.0, 0.0, 0.0], [0.0, 0.0, 0.0, 0.0]]","[[0.0, 0.0, 0.0, 0.0], [0.0, 0.0, 0.0, 0.0], [0.0, 0.0, 0.0, 0.0], [0.0, 0.0, 0.0, 0.0]]","[[0.0, 0.0, 0.0, 0.0], [0.0, 0.0, 0.0, 0.0], [0.0, 0.0, 0.0, 0.0], [0.0, 0.0, 0.0, 0.0]]","[[0.0, 0.0, 0.0], [0.0, 0.0, 0.0], [0.0, 0.0, 0.0], [0.0, 0.0, 0.0], [0.0, 0.0, 0.0], [0.0, 0.0, 0.0], [0.0, 0.0, 0.0], [0.0, 0.0, 0.0], [0.0, 0.0, 0.0], [0.0, 0.0, 0.0], [0.0, 0.0, 0.0], [0.0, 0.0, 0.0], [0.0, 0.0, 0.0], [0.0, 0.0, 0.0], [0.0, 0.0, 0.0], [0.0, 0.0, 0.0], [0.0, 0.0, 0.0], [0.0, 0.0, 0.0], [0.0, 0.0, 0.0], [0.0, 0.0, 0.0], [0.0, 0.0, 0.0], [0.0, 0.0, 0.0], [0.0, 0.0, 0.0], [0.0, 0.0, 0.0], [0.0, 0.0, 0.0]]","[[0.0, 0.0, 0.0], [0.0, 0.0, 0.0], [0.0, 0.0, 0.0], [0.0, 0.0, 0.0], [0.0, 0.0, 0.0], [0.0, 0.0, 0.0], [0.0, 0.0, 0.0], [0.0, 0.0, 0.0], [0.0, 0.0, 0.0], [0.0, 0.0, 0.0], [0.0, 0.0, 0.0], [0.0, 0.0, 0.0], [0.0, 0.0, 0.0], [0.0, 0.0, 0.0], [0.0, 0.0, 0.0], [0.0, 0.0, 0.0], [0.0, 0.0, 0.0], [0.0, 0.0, 0.0], [0.0, 0.0, 0.0], [0.0, 0.0, 0.0], [0.0, 0.0, 0.0], [0.0, 0.0, 0.0], [0.0, 0.0, 0.0], [0.0, 0.0, 0.0], [0.0, 0.0, 0.0]]"
"[[0.847998304005088, 0.32982091628272336, -0.4148699068225112, -0.5000000000000001], [0.0, 0.7827749746443304, 0.6223048602337666, 0.7499999999999999], [0.5299989400031799, -0.5277134660523575, 0.663791850916018, 0.8000000000000002], [0.0, 0.0, 0.0, 1.0]]","[[0.0, 0.0, 0.0, 0.0], [0.0, 0.0, 0.0, 0.0], [0.0, 0.0, 0.0, 0.0], [0.0, 0.0, 0.0, 0.0]]","[[0.0, 0.0, 0.0, 0.0], [0.0, 0.0, 0.0, 0.0], [0.0, 0.0, 0.0, 0.0], [0.0, 0.0, 0.0, 0.0]]","[[0.0, 0.0, 0.0], [0.0, 0.0, 0.0], [0.0, 0.0, 0.0], [0.0, 0.0, 0.0], [0.0, 0.0, 0.0], [0.0, 0.0, 0.0], [0.0, 0.0, 0.0], [0.0, 0.0, 0.0], [0.0, 0.0, 0.0], [0.0, 0.0, 0.0], [0.0, 0.0, 0.0], [0.0, 0.0, 0.0], [0.0, 0.0, 0.0], [0.0, 0.0, 0.0], [0.0, 0.0, 0.0], [0.0, 0.0, 0.0], [0.0, 0.0, 0.0], [0.0, 0.0, 0.0], [0.0, 0.0, 0.0], [0.0, 0.0, 0.0], [0.0, 0.0, 0.0], [0.0, 0.0, 0.0], [0.0, 0.0, 0.0], [0.0, 0.0, 0.0], [0.0, 0.0, 0.0]]","[[0.0, 0.0, 0.0], [0.0, 0.0, 0.0], [0.0, 0.0, 0.0], [0.0, 0.0, 0.0], [0.0, 0.0, 0.0], [0.0, 0.0, 0.0], [0.0, 0.0, 0.0], [0.0, 0.0, 0.0], [0.0, 0.0, 0.0], [0.0, 0.0, 0.0], [0.0, 0.0, 0.0], [0.0, 0.0, 0.0], [0.0, 0.0, 0.0], [0.0, 0.0, 0.0], [0.0, 0.0, 0.0], [0.0, 0.0, 0.0], [0.0, 0.0, 0.0], [0.0, 0.0, 0.0], [0.0, 0.0, 0.0], [0.0, 0.0, 0.0], [0.0, 0.0, 0.0], [0.0, 0.0, 0.0], [0.0, 0.0, 0.0], [0.0, 0.0, 0.0], [0.0, 0.0, 0.0]]"
"[[1.0, 0.0, 0.0, 0.0], [0.0, 1.0, 0.0, 0.0], [0.0, 0.0, 1.0, 0.0], [0.0, 0.0, 0.0, 1.0]]","[[0.0, 0.0, 0.0, 0.0], [0.0, 0.0, 0.0, 0.0], [0.0, 0.0, 0.0, 0.0], [0.0, 0.0, 0.0, 0.0]]","[[0.0, 0.0, 0.0, 0.0], [0.0, 0.0, 0.0, 0.0], [0.0, 0.0, 0.0, 0.0], [0.0, 0.0, 0.0, 0.0]]","[[0.0, 0.0, 0.0], [0.0, 0.0, 0.0], [0.0, 0.0, 0.0], [0.0, 0.0, 0.0], [0.0, 0.0, 0.0], [0.0, 0.0, 0.0], [0.0, 0.0, 0.0], [0.0, 0.0, 0.0], [0.0, 0.0, 0.0], [0.0, 0.0, 0.0], [0.0, 0.0, 0.0], [0.0, 0.0, 0.0], [0.0, 0.0, 0.0], [0.0, 0.0, 0.0], [0.0, 0.0, 0.0], [0.0, 0.0, 0.0], [0.0, 0.0, 0.0], [0.0, 0.0, 0.0], [0.0, 0.0, 0.0], [0.0, 0.0, 0.0], [0.0, 0.0, 0.0], [0.0, 0.0, 0.0], [0.0, 0.0, 0.0], [0.0, 0.0, 0.0], [0.0, 0.0, 0.0]]","[[0.0, 0.0, 0.0], [0.0, 0.0, 0.0], [0.0, 0.0, 0.0], [0.0, 0.0, 0.0], [0.0, 0.0, 0.0], [0.0, 0.0, 0.0], [0.0, 0.0, 0.0], [0.0, 0.0, 0.0], [0.0, 0.0, 0.0], [0.0, 0.0, 0.0], [0.0, 0.0, 0.0], [0.0, 0.0, 0.0], [0.0, 0.0, 0.0], [0.0, 0.0, 0.0], [0.0, 0.0, 0.0], [0.0, 0.0, 0.0], [0.0, 0.0, 0.0], [0.0, 0.0, 0.0], [0.0, 0.0, 0.0], [0.0, 0.0, 0.0], [0.0, 0.0, 0.0], [0.0, 0.0, 0.0], [0.0, 0.0, 0.0], [0.0, 0.0, 0.0], [0.0, 0.0, 0.0]]"
"[[0.9999839663514788, 0.0035303321794479857, -0.004423591941387739, 0.0015914397200249906], [-0.0038443623914510244, 0.9973158835950778, -0.07311808261733972, 1.066579816014689], [0.004153587222306649, 0.07313391622442286, 0.9973134994911189, -0.017631455509213058], [0.0, 0.0, 0.0, 1.0]]","[[0.0, 0.0, 0.0, 0.0], [0.0, 0.0, 0.0, 0.0], [0.0, 0.0, 0.0, 0.0], [0.0, 0.0, 0.0, 0.0]]","[[0.0, 0.0, 0.0, 0.0], [0.0, 0.0, 0.0, 0.0], [0.0, 0.0, 0.0, 0.0], [0.0, 0.0, 0.0, 0.0]]","[[0.0, 0.0, 0.0], [0.0, 0.0, 0.0], [0.0, 0.0, 0.0], [0.0, 0.0, 0.0], [0.0, 0.0, 0.0], [0.0, 0.0, 0.0], [0.0, 0.0, 0.0], [0.0, 0.0, 0.0], [0.0, 0.0, 0.0], [0.0, 0.0, 0.0], [0.0, 0.0, 0.0], [0.0, 0.0, 0.0], [0.0, 0.0, 0.0], [0.0, 0.0, 0.0], [0.0, 0.0, 0.0], [0.0, 0.0, 0.0], [0.0, 0.0, 0.0], [0.0, 0.0, 0.0], [0.0, 0.0, 0.0], [0.0, 0.0, 0.0], [0.0, 0.0, 0.0], [0.0, 0.0, 0.0], [0.0, 0.0, 0.0], [0.0, 0.0, 0.0], [0.0, 0.0, 0.0]]","[[0.0, 0.0, 0.0], [0.0, 0.0, 0.0], [0.0, 0.0, 0.0], [0.0, 0.0, 0.0], [0.0, 0.0, 0.0], [0.0, 0.0, 0.0], [0.0, 0.0, 0.0], [0.0, 0.0, 0.0], [0.0, 0.0, 0.0], [0.0, 0.0, 0.0], [0.0, 0.0, 0.0], [0.0, 0.0, 0.0], [0.0, 0.0, 0.0], [0.0, 0.0, 0.0], [0.0, 0.0, 0.0], [0.0, 0.0, 0.0], [0.0, 0.0, 0.0], [0.0, 0.0, 0.0], [0.0, 0.0, 0.0], [0.0, 0.0, 0.0], [0.0, 0.0, 0.0], [0.0, 0.0, 0.0], [0.0, 0.0, 0.0], [0.0, 0.0, 0.0], [0.0, 0.0, 0.0]]"
"[[0.9999871253968075, 0.0033976808687089495, -0.00376757347820704, 0.001339099105697746], [-0.0036599814860732737, 0.9974014161305289, -0.0719515359539533, 1.0664489340191647], [0.003513314790517042, 0.0719644003968692, 0.9974009992403232, -0.017720858203862964], [0.0, 0.0, 0.0, 1.0]]","[[0.7539342045783997, -0.6435838341712952, -0.13184446096420288, -0.2630405128002167], [0.402631014585495, 0.6112515926361084, -0.6813660264015198, 0.751619815826416], [0.5191063284873962, 0.4606204628944397, 0.7199703454971313, -0.17478497326374054], [0.0, 0.0, 0.0, 1.0]]","[[0.6996098160743713, 0.7102212309837341, 0.07830578833818436, 0.23089566826820374], [-0.2411074936389923, 0.3378163278102875, -0.9098060727119446, 0.7646822333335876], [-0.6726166605949402, 0.6176290512084961, 0.40757936239242554, -0.19809286296367645], [0.0, 0.0, 0.0, 1.0]]","[[-0.2630405128002167, 0.751619815826416, -0.17478497326374054], [-0.23907403647899628, 0.7686679363250732, -0.18512965738773346], [-0.19727888703346252, 0.7879844307899475, -0.21726733446121216], [-0.18595194816589355, 0.7974714636802673, -0.24579720199108124], [-0.17703723907470703, 0.8054681420326233, -0.272117555141449], [-0.24763375520706177, 0.7746443152427673, -0.18266411125659943], [-0.2243991196155548, 0.8301816582679749, -0.22680862247943878], [-0.2072228491306305, 0.8407732248306274, -0.26617223024368286], [-0.19368261098861694, 0.8310708403587341, -0.28380995988845825], [-0.1816100776195526, 0.8173844814300537, -0.2957443594932556], [-0.2561536431312561, 0.7711976170539856, -0.19014272093772888], [-0.24493038654327393, 0.82136070728302, -0.23784159123897552], [-0.23091629147529602, 0.8417673707008362, -0.28094610571861267], [-0.21172359585762024, 0.8261088132858276, -0.2957044839859009], [-0.19911953806877136, 0.8074507713317871, -0.2957528233528137], [-0.2640947997570038, 0.765735924243927, -0.19715818762779236], [-0.2597006559371948, 0.8099218010902405, -0.24795834720134735], [-0.25014057755470276, 0.8308914303779602, -0.2844415307044983], [-0.23202790319919586, 0.81767737865448, -0.29946982860565186], [-0.2193683683872223, 0.8001548051834106, -0.30170607566833496], [-0.2735668420791626, 0.7588025331497192, -0.2044428586959839], [-0.27344194054603577, 0.7939963936805725, -0.25039201974868774], [-0.26898226141929626, 0.8106511831283569, -0.2804151773452759], [-0.2572759687900543, 0.8066126704216003, -0.29475137591362], [-0.24329209327697754, 0.7952321171760559, -0.3029271364212036]]","[[0.23089566826820374, 0.7646822333335876, -0.19809286296367645], [0.20907264947891235, 0.7854315042495728, -0.20096512138843536], [0.1730223298072815, 0.8159282803535461, -0.23030255734920502], [0.15984655916690826, 0.8359708189964294, -0.2522544264793396], [0.14800073206424713, 0.8543262481689453, -0.2725445032119751], [0.21804985404014587, 0.7893517017364502, -0.19669756293296814], [0.2042323499917984, 0.8570129871368408, -0.2177758514881134], [0.18585865199565887, 0.8754090070724487, -0.2538798749446869], [0.17138780653476715, 0.8708031177520752, -0.2732098698616028], [0.15815740823745728, 0.8615943193435669, -0.28851860761642456], [0.22592629492282867, 0.7881864309310913, -0.20541737973690033], [0.22055068612098694, 0.850507378578186, -0.23326271772384644], [0.1863282322883606, 0.8475521206855774, -0.26887959241867065], [0.18290500342845917, 0.8196490406990051, -0.2613915801048279], [0.1939028799533844, 0.8089345693588257, -0.2442699521780014], [0.23303651809692383, 0.7851042747497559, -0.2144036442041397], [0.23346970975399017, 0.842258870601654, -0.24734343588352203], [0.2006855607032776, 0.834844708442688, -0.27368587255477905], [0.19627006351947784, 0.8095316886901855, -0.2658121883869171], [0.21069540083408356, 0.8030914068222046, -0.25011053681373596], [0.2414810210466385, 0.78069007396698, -0.2242269217967987], [0.2439241260290146, 0.8276607394218445, -0.25689369440078735], [0.2172704041004181, 0.820669949054718, -0.27761852741241455], [0.21113984286785126, 0.8038623929023743, -0.2712269723415375], [0.22321464121341705, 0.7986850142478943, -0.25566765666007996]]"
"[[0.9999899864200499, 0.0031468724749241766, -0.0031866119536127007, 0.0010846259574453778], [-0.0033666483674938976, 0.9974356294625816, -0.07149033380979385, 1.0663501055501934], [0.0029534692583118517, 0.07150034473901903, 0.9974362253191751, -0.017630351765905845], [0.0, 0.0, 0.0, 1.0]]","[[0.7015979886054993, -0.687815248966217, -0.1862001121044159, -0.2662228047847748], [0.4349153935909271, 0.6203291416168213, -0.652717649936676, 0.7543202042579651], [0.5644544959068298, 0.3769640624523163, 0.7343631386756897, -0.17495065927505493], [0.0, 0.0, 0.0, 1.0]]","[[0.5887139439582825, 0.800249457359314, 0.11409015208482742, 0.22813953459262848], [-0.26894158124923706, 0.327009379863739, -0.905944287776947, 0.7716559767723083], [-0.7622900605201721, 0.5026583671569824, 0.4077354073524475, -0.19546467065811157], [0.0, 0.0, 0.0, 1.0]]","[[-0.2662228047847748, 0.7543202042579651, -0.17495065927505493], [-0.24160128831863403, 0.7712311744689941, -0.1840173602104187], [-0.19742074608802795, 0.7897858023643494, -0.2134464532136917], [-0.18425053358078003, 0.797960102558136, -0.24153664708137512], [-0.17365878820419312, 0.8046738505363464, -0.2675274908542633], [-0.2504279911518097, 0.7771856784820557, -0.1824873387813568], [-0.22391997277736664, 0.8313277959823608, -0.22672274708747864], [-0.20339331030845642, 0.8404396772384644, -0.264742374420166], [-0.18830189108848572, 0.8296541571617126, -0.2803395986557007], [-0.17528218030929565, 0.815051794052124, -0.2899934649467468], [-0.2582831382751465, 0.7733174562454224, -0.19049188494682312], [-0.24340760707855225, 0.8218384385108948, -0.23914003372192383], [-0.2257537841796875, 0.8406233191490173, -0.2817126214504242], [-0.20524722337722778, 0.824406623840332, -0.2939240634441376], [-0.1925210952758789, 0.8058549165725708, -0.2921977937221527], [-0.26557475328445435, 0.7674663662910461, -0.1979072093963623], [-0.2571960687637329, 0.8098282814025879, -0.2501380443572998], [-0.24461574852466583, 0.8294870853424072, -0.2865634560585022], [-0.22509723901748657, 0.8158181309700012, -0.299315482378006], [-0.21205973625183105, 0.7984007000923157, -0.29983827471733093], [-0.2743558883666992, 0.7601165175437927, -0.20565453171730042], [-0.27055123448371887, 0.7936238050460815, -0.2530039846897125], [-0.2633255422115326, 0.8089793920516968, -0.28335005044937134], [-0.2502571642398834, 0.8043749928474426, -0.29636240005493164], [-0.23550212383270264, 0.7927572131156921, -0.30269041657447815]]","[[0.22813953459262848, 0.7716559767723083, -0.19546467065811157], [0.2066371887922287, 0.7928311824798584, -0.19567115604877472], [0.1672867387533188, 0.8230025768280029, -0.22021625936031342], [0.15212029218673706, 0.8421223163604736, -0.24131657183170319], [0.14018388092517853, 0.8592982292175293, -0.26217880845069885], [0.2161993682384491, 0.796567976474762, -0.1927383691072464], [0.20149031281471252, 0.864101767539978, -0.21252647042274475], [0.17913766205310822, 0.8808441758155823, -0.2468280792236328], [0.1626048982143402, 0.8756932616233826, -0.26400426030158997], [0.14770103991031647, 0.8661110401153564, -0.27719107270240784], [0.22273042798042297, 0.7951204180717468, -0.20240165293216705], [0.21495692431926727, 0.8570241928100586, -0.23018446564674377], [0.17694920301437378, 0.85403972864151, -0.2613859176635742], [0.17610116302967072, 0.8269445300102234, -0.2511986196041107], [0.19170822203159332, 0.8227876424789429, -0.23513582348823547], [0.22841601073741913, 0.7917830944061279, -0.21219457685947418], [0.22535164654254913, 0.8482694625854492, -0.24582360684871674], [0.18992704153060913, 0.8407056927680969, -0.2682669162750244], [0.18791495263576508, 0.815891683101654, -0.25833234190940857], [0.20581401884555817, 0.8153458833694458, -0.24543002247810364], [0.23526082932949066, 0.7870814800262451, -0.22297635674476624], [0.23390689492225647, 0.8333514928817749, -0.2564137279987335], [0.20515617728233337, 0.8257940411567688, -0.2736934721469879], [0.20098519325256348, 0.8092613220214844, -0.26536625623703003], [0.21657875180244446, 0.8084614872932434, -0.25253206491470337]]"
"[[0.9999952316283952, 0.002331836129161913, -0.002034999444193347, 0.0004409481257984936], [-0.0024715787930456815, 0.9974297284142541, -0.0716089965751394, 1.0662054314331493], [0.0018627885588936943, 0.07161368560288112, 0.9974306822760652, -0.017428376611990606], [0.0, 0.0, 0.0, 1.0]]","[[0.6985055208206177, -0.6907157897949219, -0.18708741664886475, -0.26621729135513306], [0.44157543778419495, 0.6217628717422485, -0.6468554735183716, 0.7549989819526672], [0.5631173253059387, 0.3692188858985901, 0.7393079400062561, -0.17413194477558136], [0.0, 0.0, 0.0, 1.0]]","[[0.5904635190963745, 0.7981956005096436, 0.11931677162647247, 0.2289768010377884], [-0.2633940577507019, 0.3303321301937103, -0.906368613243103, 0.7716829180717468], [-0.7628737092018127, 0.503750205039978, 0.4052891135215759, -0.1954270303249359], [0.0, 0.0, 0.0, 1.0]]","[[-0.26621729135513306, 0.7549989819526672, -0.17413194477558136], [-0.24158723652362823, 0.7718949317932129, -0.18324775993824005], [-0.1973075270652771, 0.7903368473052979, -0.21267275512218475], [-0.18400657176971436, 0.7982748746871948, -0.24079203605651855], [-0.17329484224319458, 0.8047580122947693, -0.26683345437049866], [-0.2504403591156006, 0.7778441905975342, -0.18179775774478912], [-0.22382642328739166, 0.8317893147468567, -0.2264023870229721], [-0.20316578447818756, 0.8406304121017456, -0.26444077491760254], [-0.18797767162322998, 0.8297016024589539, -0.27988579869270325], [-0.17488481104373932, 0.8150095343589783, -0.28934943675994873], [-0.2582623064517975, 0.7738909721374512, -0.1897968202829361], [-0.24326050281524658, 0.8221255540847778, -0.23878683149814606], [-0.2254863828420639, 0.840597927570343, -0.2814776301383972], [-0.20487700402736664, 0.8242869973182678, -0.29347336292266846], [-0.1920498162508011, 0.8057829737663269, -0.29164958000183105], [-0.2655167579650879, 0.7679623365402222, -0.1971890926361084], [-0.2569790482521057, 0.810007631778717, -0.2497556507587433], [-0.24431662261486053, 0.829380214214325, -0.2862972915172577], [-0.2247050404548645, 0.8156286478042603, -0.2988709807395935], [-0.21152198314666748, 0.7982988953590393, -0.2994072139263153], [-0.2742559015750885, 0.7605297565460205, -0.20490653812885284], [-0.2702923119068146, 0.7937430739402771, -0.25253334641456604], [-0.2629690170288086, 0.80887770652771, -0.28297582268714905], [-0.24982476234436035, 0.8041850328445435, -0.2959088981151581], [-0.23500372469425201, 0.7925673723220825, -0.30213695764541626]]","[[0.2289768010377884, 0.7716829180717468, -0.1954270303249359], [0.20740841329097748, 0.792702317237854, -0.19558221101760864], [0.16795994341373444, 0.8225201964378357, -0.22002187371253967], [0.15266354382038116, 0.8413786888122559, -0.24114632606506348], [0.14104734361171722, 0.8582345247268677, -0.2623530626296997], [0.2169281542301178, 0.7964763045310974, -0.1926439255475998], [0.20191791653633118, 0.8638483881950378, -0.2122432440519333], [0.17981304228305817, 0.8804209232330322, -0.24666252732276917], [0.16357359290122986, 0.8763042688369751, -0.26433300971984863], [0.14875388145446777, 0.8675925731658936, -0.2781555652618408], [0.2234620451927185, 0.7950999736785889, -0.20229586958885193], [0.2154058963060379, 0.8568946719169617, -0.22988905012607574], [0.1777399629354477, 0.8536774516105652, -0.2613157033920288], [0.1773543506860733, 0.8267025947570801, -0.2509247362613678], [0.1931890994310379, 0.823769748210907, -0.2348966747522354], [0.22916261851787567, 0.791831374168396, -0.21208414435386658], [0.22583839297294617, 0.8482677340507507, -0.2455313801765442], [0.19075697660446167, 0.8404452800750732, -0.26826685667037964], [0.18916864693164825, 0.8156834244728088, -0.2582476735115051], [0.20712240040302277, 0.8163698315620422, -0.24556337296962738], [0.2360280156135559, 0.7872090339660645, -0.2228643149137497], [0.2344694286584854, 0.8334274291992188, -0.25612276792526245], [0.20604079961776733, 0.8255928754806519, -0.27365225553512573], [0.20220838487148285, 0.8090533018112183, -0.2652462124824524], [0.21787837147712708, 0.8090994358062744, -0.25259000062942505]]"
"[[0.9999951720235997, 0.002615082244719266, -0.0016732082043943075, 0.00031791015978155655], [-0.002727649473254679, 0.9974550603520373, -0.07124601867373684, 1.066158108491883], [0.0014826357324439023, 0.07125023934666413, 0.9974573851933167, -0.01749216344323976], [0.0, 0.0, 0.0, 1.0]]","[[0.6935521960258484, -0.6958959698677063, -0.18631723523139954, -0.2666572332382202], [0.441720187664032, 0.6150926351547241, -0.6531035900115967, 0.7543126940727234], [0.5690945386886597, 0.3706613779067993, 0.7339901328086853, -0.17456841468811035], [0.0, 0.0, 0.0, 1.0]]","[[0.5777080655097961, 0.8065214157104492, 0.1256045401096344, 0.2293984442949295], [-0.2681658864021301, 0.33287718892097473, -0.904035210609436, 0.7711623907089233], [-0.7709347009658813, 0.488585501909256, 0.40858742594718933, -0.19537870585918427], [0.0, 0.0, 0.0, 1.0]]","[[-0.2666572332382202, 0.7543126940727234, -0.17456841468811035], [-0.24203141033649445, 0.7714376449584961, -0.18349239230155945], [-0.19764912128448486, 0.7903878092765808, -0.21265898644924164], [-0.1847042441368103, 0.7982789874076843, -0.24099013209342957], [-0.17432761192321777, 0.8046965003013611, -0.26723605394363403], [-0.25093284249305725, 0.7773319482803345, -0.18203295767307281], [-0.22432193160057068, 0.8318648338317871, -0.2262742817401886], [-0.2035401463508606, 0.8410757780075073, -0.26420313119888306], [-0.18820598721504211, 0.8303341269493103, -0.2796770930290222], [-0.17496666312217712, 0.8157676458358765, -0.28920188546180725], [-0.2586931884288788, 0.7733955979347229, -0.19009310007095337], [-0.2436763495206833, 0.8221232295036316, -0.23876893520355225], [-0.22581428289413452, 0.8409950137138367, -0.2813306450843811], [-0.20503951609134674, 0.8247919678688049, -0.29328054189682007], [-0.1920992136001587, 0.8063212037086487, -0.29151487350463867], [-0.26587632298469543, 0.7674840688705444, -0.1975574642419815], [-0.25727561116218567, 0.8100206851959229, -0.24990835785865784], [-0.2445663958787918, 0.8297132849693298, -0.2863064408302307], [-0.2247864305973053, 0.8161436915397644, -0.29891860485076904], [-0.21138885617256165, 0.7989633679389954, -0.2997208833694458], [-0.27453404664993286, 0.7600629329681396, -0.2053632289171219], [-0.270485520362854, 0.7936846017837524, -0.25282740592956543], [-0.26285320520401, 0.8089038729667664, -0.28318944573402405], [-0.24953246116638184, 0.8042529225349426, -0.2960227131843567], [-0.23457881808280945, 0.7929112911224365, -0.3025001883506775]]","[[0.2293984442949295, 0.7711623907089233, -0.19537870585918427], [0.2078751176595688, 0.7921603322029114, -0.19531740248203278], [0.16811469197273254, 0.8217871189117432, -0.21927163004875183], [0.1524951457977295, 0.8404983282089233, -0.24024786055088043], [0.1406300663948059, 0.8572046756744385, -0.261413037776947], [0.2174341082572937, 0.7959471344947815, -0.1925591379404068], [0.20215779542922974, 0.8631733655929565, -0.21233782172203064], [0.17980292439460754, 0.8798182010650635, -0.24649935960769653], [0.16346581280231476, 0.8768115639686584, -0.2642982006072998], [0.14835605025291443, 0.8695622086524963, -0.2786736488342285], [0.22381870448589325, 0.7945150136947632, -0.20231321454048157], [0.21534259617328644, 0.8560810685157776, -0.23013460636138916], [0.17733348906040192, 0.8526284098625183, -0.2610481381416321], [0.17711293697357178, 0.8257256746292114, -0.2504887580871582], [0.1931176483631134, 0.8227932453155518, -0.2346246838569641], [0.22936078906059265, 0.7911904454231262, -0.21217608451843262], [0.22549782693386078, 0.8473708629608154, -0.24587637186050415], [0.19017386436462402, 0.8393576145172119, -0.26812493801116943], [0.18878602981567383, 0.8146577477455139, -0.2579307556152344], [0.20688465237617493, 0.8154876828193665, -0.2454940676689148], [0.236044779419899, 0.7865074276924133, -0.22303807735443115], [0.2339382916688919, 0.8324717283248901, -0.2564988434314728], [0.20536203682422638, 0.8244484066963196, -0.2736329138278961], [0.20168569684028625, 0.8079524636268616, -0.26508885622024536], [0.2174864262342453, 0.8081304430961609, -0.25263357162475586]]"
"[[0.9999952912333069, 0.002387588469336814, -0.0019163953920830745, 0.00020771782104758168], [-0.0025172656420366134, 0.9974880218038175, -0.0707907372114783, 1.066123048787073], [0.0017425622709091044, 0.07079523122333235, 0.9974893331993022, -0.017490146856169703], [0.0, 0.0, 0.0, 1.0]]","[[0.6917893886566162, -0.6977348327636719, -0.1859932243824005, -0.2665192484855652], [0.44209781289100647, 0.6129059791564941, -0.6549012660980225, 0.7542870044708252], [0.5709438323974609, 0.37082651257514954, 0.7324689030647278, -0.17450642585754395], [0.0, 0.0, 0.0, 1.0]]","[[0.5718798041343689, 0.810607373714447, 0.12597233057022095, 0.22909414768218994], [-0.26886582374572754, 0.3302902579307556, -0.904775857925415, 0.7711085081100464], [-0.7750255465507507, 0.48355334997177124, 0.4068309962749481, -0.1955021321773529], [0.0, 0.0, 0.0, 1.0]]","[[-0.2665192484855652, 0.7542870044708252, -0.17450642585754395], [-0.24188432097434998, 0.7715000510215759, -0.18336643278598785], [-0.19746972620487213, 0.7906215190887451, -0.21243230998516083], [-0.18449224531650543, 0.7985965013504028, -0.2407262921333313], [-0.17408736050128937, 0.8050872683525085, -0.2669481039047241], [-0.25079941749572754, 0.7773746848106384, -0.1819073110818863], [-0.22418193519115448, 0.8320955634117126, -0.2260218858718872], [-0.2033706158399582, 0.8414181470870972, -0.2638935148715973], [-0.18799236416816711, 0.8307380080223083, -0.27936798334121704], [-0.17470607161521912, 0.816215455532074, -0.2889051139354706], [-0.2585282623767853, 0.7734476327896118, -0.18998363614082336], [-0.2435029298067093, 0.822319746017456, -0.2385409027338028], [-0.22561442852020264, 0.841301679611206, -0.2810519337654114], [-0.2047896534204483, 0.8251608610153198, -0.2930033802986145], [-0.19181087613105774, 0.8067123293876648, -0.291251540184021], [-0.2656780481338501, 0.7675447463989258, -0.1974676549434662], [-0.257051020860672, 0.8102383017539978, -0.249749094247818], [-0.24433468282222748, 0.8300213813781738, -0.2860991954803467], [-0.22450727224349976, 0.8165144920349121, -0.2987141013145447], [-0.2110687643289566, 0.7993645668029785, -0.299530565738678], [-0.27429845929145813, 0.7601305246353149, -0.20529775321483612], [-0.27022039890289307, 0.7938749194145203, -0.2527039647102356], [-0.26257559657096863, 0.8091665506362915, -0.2830348610877991], [-0.24922971427440643, 0.8045652508735657, -0.2958608865737915], [-0.23424459993839264, 0.7932670712471008, -0.30234092473983765]]","[[0.22909414768218994, 0.7711085081100464, -0.1955021321773529], [0.2076377272605896, 0.7921465635299683, -0.1952839493751526], [0.16781730949878693, 0.8218753337860107, -0.21893173456192017], [0.15211303532123566, 0.8406404256820679, -0.23977474868297577], [0.14015400409698486, 0.8573938012123108, -0.2608414888381958], [0.21722154319286346, 0.7959063649177551, -0.19258587062358856], [0.20199023187160492, 0.8631542921066284, -0.21218238770961761], [0.1794666051864624, 0.8798788785934448, -0.246145099401474], [0.16303086280822754, 0.8770815134048462, -0.26387742161750793], [0.14780764281749725, 0.8700618147850037, -0.27824440598487854], [0.22353549301624298, 0.7944692373275757, -0.20238010585308075], [0.21503396332263947, 0.8560571074485779, -0.2300749272108078], [0.17695966362953186, 0.8526849746704102, -0.2608489692211151], [0.17672936618328094, 0.8257895112037659, -0.2503039538860321], [0.19277292490005493, 0.8228235244750977, -0.23449458181858063], [0.22899897396564484, 0.7911431193351746, -0.2122778445482254], [0.22505506873130798, 0.8473343849182129, -0.24587994813919067], [0.18961483240127563, 0.839446485042572, -0.26797324419021606], [0.18825340270996094, 0.8147538900375366, -0.2577835023403168], [0.2064192146062851, 0.8156130313873291, -0.2454666793346405], [0.23559202253818512, 0.7864580750465393, -0.22318199276924133], [0.2333785891532898, 0.8324378132820129, -0.256568968296051], [0.20468151569366455, 0.8245776891708374, -0.2735649049282074], [0.20098480582237244, 0.8080836534500122, -0.2650406062602997], [0.21686264872550964, 0.8082163333892822, -0.25269758701324463]]"
"[[0.999996423721153, 0.0020985852050170294, -0.0016636244957678014, 6.842566793714125e-05], [-0.0022103451603516953, 0.9975236056659457, -0.07029766365698009, 1.06600752002171], [0.0015119790793053807, 0.07030108794757693, 0.9975246788648494, -0.01756598038997412], [0.0, 0.0, 0.0, 1.0]]","[[0.6895612478256226, -0.6995500326156616, -0.1874433010816574, -0.26681700348854065], [0.44172653555870056, 0.6113541126251221, -0.6566001772880554, 0.7541138529777527], [0.5739189386367798, 0.36996737122535706, 0.7305759191513062, -0.17486874759197235], [0.0, 0.0, 0.0, 1.0]]","[[0.5696783661842346, 0.8120776414871216, 0.1264771670103073, 0.2289787381887436], [-0.26924726366996765, 0.32980337738990784, -0.9048401713371277, 0.771149754524231], [-0.7765130400657654, 0.48141422867774963, 0.40653151273727417, -0.1954362392425537], [0.0, 0.0, 0.0, 1.0]]","[[-0.26681700348854065, 0.7541138529777527, -0.17486874759197235], [-0.24215547740459442, 0.7713852524757385, -0.18363219499588013], [-0.19765883684158325, 0.7906252145767212, -0.21254833042621613], [-0.18460464477539062, 0.798672080039978, -0.2407994270324707], [-0.17412742972373962, 0.8052276968955994, -0.266990602016449], [-0.25108280777931213, 0.7772488594055176, -0.18218494951725006], [-0.22438374161720276, 0.8321006298065186, -0.22613820433616638], [-0.2035742998123169, 0.8414714932441711, -0.2640036940574646], [-0.18817858397960663, 0.830818235874176, -0.27948451042175293], [-0.1748710572719574, 0.816313624382019, -0.2890315651893616], [-0.25878018140792847, 0.7733332514762878, -0.1902923732995987], [-0.24365819990634918, 0.8223291635513306, -0.23873502016067505], [-0.22565405070781708, 0.8413992524147034, -0.2811684310436249], [-0.20477299392223358, 0.8252972960472107, -0.2930852174758911], [-0.19178001582622528, 0.8068534135818481, -0.29132455587387085], [-0.2658989131450653, 0.7674403786659241, -0.19780972599983215], [-0.2571600079536438, 0.8102538585662842, -0.25000613927841187], [-0.24435704946517944, 0.8301246762275696, -0.28629550337791443], [-0.22447097301483154, 0.816663384437561, -0.29888418316841125], [-0.2110072821378708, 0.7995268106460571, -0.299695760011673], [-0.2744854986667633, 0.7600351572036743, -0.20568019151687622], [-0.2703014612197876, 0.7938841581344604, -0.253032386302948], [-0.2625833749771118, 0.8092457056045532, -0.2833247780799866], [-0.2491905689239502, 0.8046845197677612, -0.2961269021034241], [-0.2341705858707428, 0.7934144735336304, -0.3025881052017212]]","[[0.2289787381887436, 0.771149754524231, -0.1954362392425537], [0.20754018425941467, 0.7921959161758423, -0.19516490399837494], [0.16767889261245728, 0.8219447731971741, -0.21870757639408112], [0.1519317328929901, 0.8407180309295654, -0.23950812220573425], [0.13992974162101746, 0.8574760556221008, -0.26054155826568604], [0.21713200211524963, 0.7959499955177307, -0.19249223172664642], [0.20188727974891663, 0.8632012605667114, -0.2120491862297058], [0.1792847067117691, 0.8799390196800232, -0.24595071375370026], [0.16280409693717957, 0.8771514892578125, -0.26363685727119446], [0.14754045009613037, 0.8701412677764893, -0.2779633402824402], [0.2234165221452713, 0.7945110201835632, -0.20230194926261902], [0.2148769050836563, 0.8560961484909058, -0.22997361421585083], [0.1767815500497818, 0.8527191877365112, -0.2607170045375824], [0.17655672132968903, 0.8258305191993713, -0.25016623735427856], [0.19261127710342407, 0.8228670358657837, -0.2343689650297165], [0.22884877026081085, 0.7911837697029114, -0.2122124433517456], [0.2248474657535553, 0.8473690748214722, -0.24580049514770508], [0.18944114446640015, 0.8396236896514893, -0.26799261569976807], [0.18807584047317505, 0.8149265050888062, -0.25781673192977905], [0.2062259167432785, 0.8157844543457031, -0.24548250436782837], [0.23540645837783813, 0.7864975333213806, -0.22313176095485687], [0.23313115537166595, 0.8324717283248901, -0.2565092444419861], [0.20442251861095428, 0.8248068690299988, -0.2735672891139984], [0.20063984394073486, 0.808303952217102, -0.26510941982269287], [0.21650198101997375, 0.8083199262619019, -0.2527468800544739]]"
"[[0.999996423721153, 0.0020985852050170294, -0.0016636244957678014, 6.842566793714125e-05], [-0.0022103451603516953, 0.9975236056659457, -0.07029766365698009, 1.06600752002171], [0.0015119790793053807, 0.07030108794757693, 0.9975246788648494, -0.01756598038997412], [0.0, 0.0, 0.0, 1.0]]","[[0.6895562410354614, -0.6999228596687317, -0.1860647201538086, -0.2666851580142975], [0.4425908923149109, 0.6106124520301819, -0.6567081212997437, 0.75394606590271], [0.5732585191726685, 0.3704865872859955, 0.7308312058448792, -0.17488348484039307], [0.0, 0.0, 0.0, 1.0]]","[[0.5705708861351013, 0.8113014698028564, 0.1274312436580658, 0.22873027622699738], [-0.26764795184135437, 0.3303951323032379, -0.905098557472229, 0.7713014483451843], [-0.7764105200767517, 0.4823160767555237, 0.4056570827960968, -0.1953044831752777], [0.0, 0.0, 0.0, 1.0]]","[[-0.2666851580142975, 0.75394606590271, -0.17488348484039307], [-0.24203307926654816, 0.7712557315826416, -0.18366843461990356], [-0.19756853580474854, 0.7905496954917908, -0.21262213587760925], [-0.18454411625862122, 0.7986078858375549, -0.24088752269744873], [-0.17412695288658142, 0.8051581382751465, -0.2671058773994446], [-0.25096559524536133, 0.7771111130714417, -0.18221518397331238], [-0.22434988617897034, 0.8319994807243347, -0.22620265185832977], [-0.20363369584083557, 0.8413602709770203, -0.2641303241252899], [-0.18825900554656982, 0.8307082056999207, -0.2796400785446167], [-0.17495471239089966, 0.8162075281143188, -0.2892071604728699], [-0.2586599588394165, 0.7731910347938538, -0.19031596183776855], [-0.2436244785785675, 0.8222009539604187, -0.2387787103652954], [-0.2256350964307785, 0.8412410616874695, -0.28124183416366577], [-0.20474669337272644, 0.8251315951347351, -0.2931520342826843], [-0.19174304604530334, 0.8066902160644531, -0.291377991437912], [-0.265774130821228, 0.767293393611908, -0.19782724976539612], [-0.2571191191673279, 0.8101146221160889, -0.2500430941581726], [-0.24436849355697632, 0.8299914598464966, -0.28634822368621826], [-0.22447329759597778, 0.8165472149848938, -0.29895326495170593], [-0.21098753809928894, 0.799424409866333, -0.29977333545684814], [-0.274354487657547, 0.7598819136619568, -0.20569010078907013], [-0.2702430784702301, 0.7937320470809937, -0.25305795669555664], [-0.2625674903392792, 0.8090953230857849, -0.28336137533187866], [-0.24917767941951752, 0.8045441508293152, -0.2961761951446533], [-0.23414811491966248, 0.7932894229888916, -0.3026479482650757]]","[[0.22873027622699738, 0.7713014483451843, -0.1953044831752777], [0.20727095007896423, 0.7923155426979065, -0.19502460956573486], [0.1673920899629593, 0.822033703327179, -0.21855494379997253], [0.1516367793083191, 0.8408038020133972, -0.23933997750282288], [0.13962909579277039, 0.8575637340545654, -0.2603592872619629], [0.21685375273227692, 0.7960785031318665, -0.1923433095216751], [0.20152531564235687, 0.8633183836936951, -0.21182096004486084], [0.17892377078533173, 0.880061686038971, -0.2457035928964615], [0.1624634563922882, 0.8772727251052856, -0.26339778304100037], [0.14722275733947754, 0.8702592849731445, -0.2777397334575653], [0.22314251959323883, 0.7946601510047913, -0.20214901864528656], [0.21453717350959778, 0.856254518032074, -0.22975341975688934], [0.1764807105064392, 0.8528606295585632, -0.2605155110359192], [0.17628490924835205, 0.8259695768356323, -0.24999785423278809], [0.19232791662216187, 0.823011577129364, -0.23419691622257233], [0.22858162224292755, 0.7913528680801392, -0.212057426571846], [0.2245267778635025, 0.847553014755249, -0.24557538330554962], [0.18916749954223633, 0.8399225473403931, -0.26786336302757263], [0.1878117322921753, 0.8152156472206116, -0.2577333152294159], [0.20594017207622528, 0.8160694241523743, -0.24537870287895203], [0.23514842987060547, 0.7866894006729126, -0.22297486662864685], [0.23283441364765167, 0.8326820731163025, -0.25629115104675293], [0.20417708158493042, 0.8251005411148071, -0.2734462022781372], [0.2003563791513443, 0.8085840940475464, -0.2650541663169861], [0.21617953479290009, 0.80854731798172, -0.25265100598335266]]"
"[[0.9999981522560548, 0.0016302714561190659, -0.0010095165435653225, -5.125889543900252e-05], [-0.0016967477072883201, 0.9975605606931717, -0.06978604183104313, 1.065916500343777], [0.0008932836844157375, 0.0697876290926668, 0.9975614547830122, -0.0176166587588771], [0.0, 0.0, 0.0, 1.0]]","[[0.6909551024436951, -0.6986832022666931, -0.18553373217582703, -0.26683974266052246], [0.44271257519721985, 0.6118701696395874, -0.6554543375968933, 0.753823459148407], [0.5714775323867798, 0.37075138092041016, 0.7320907115936279, -0.17501194775104523], [0.0, 0.0, 0.0, 1.0]]","[[0.5693427920341492, 0.8122047185897827, 0.1271691471338272, 0.22850432991981506], [-0.26687437295913696, 0.3289092183113098, -0.9058676958084106, 0.7710717916488647], [-0.7775773406028748, 0.48181092739105225, 0.4040188789367676, -0.19535018503665924], [0.0, 0.0, 0.0, 1.0]]","[[-0.26683974266052246, 0.753823459148407, -0.17501194775104523], [-0.2421713024377823, 0.7711119651794434, -0.1838555634021759], [-0.1977289319038391, 0.7903342247009277, -0.21290050446987152], [-0.18474379181861877, 0.7983395457267761, -0.24119938910007477], [-0.17443153262138367, 0.8048135638237, -0.2674776315689087], [-0.25109466910362244, 0.7769787311553955, -0.18239782750606537], [-0.22449225187301636, 0.8317908048629761, -0.2264997661113739], [-0.20383413136005402, 0.8410735726356506, -0.26447615027427673], [-0.18849612772464752, 0.8303819894790649, -0.2799968123435974], [-0.17522192001342773, 0.8158524632453918, -0.28956493735313416], [-0.25880083441734314, 0.7730597257614136, -0.19048114120960236], [-0.24379636347293854, 0.8219928741455078, -0.23903264105319977], [-0.22583170235157013, 0.8409184217453003, -0.2815551459789276], [-0.2049836814403534, 0.8247479796409607, -0.29345834255218506], [-0.19200530648231506, 0.8062868714332581, -0.2916605472564697], [-0.26592886447906494, 0.7671622633934021, -0.19797325134277344], [-0.25732117891311646, 0.8099039793014526, -0.25026023387908936], [-0.244614839553833, 0.8297140598297119, -0.286612868309021], [-0.22475449740886688, 0.8162299990653992, -0.29923099279403687], [-0.2112867385149002, 0.7990911602973938, -0.30004775524139404], [-0.2745257019996643, 0.7597512602806091, -0.2058127224445343], [-0.27046462893486023, 0.7935312986373901, -0.2532329857349396], [-0.26278916001319885, 0.8088034987449646, -0.28357914090156555], [-0.24941645562648773, 0.8041958212852478, -0.29639092087745667], [-0.23441097140312195, 0.7928974032402039, -0.3028433322906494]]","[[0.22850432991981506, 0.7710717916488647, -0.19535018503665924], [0.20706550776958466, 0.7921001315116882, -0.19501106441020966], [0.167180135846138, 0.8218865394592285, -0.21844419836997986], [0.15141507983207703, 0.8406996726989746, -0.2391791045665741], [0.13939684629440308, 0.8574997782707214, -0.26015564799308777], [0.21665401756763458, 0.7958508729934692, -0.19233597815036774], [0.2013503611087799, 0.8631278276443481, -0.21167895197868347], [0.17871896922588348, 0.8799423575401306, -0.24550610780715942], [0.1622353494167328, 0.8771955370903015, -0.2631841003894806], [0.14697127044200897, 0.8702183365821838, -0.2775193154811859], [0.22292600572109222, 0.7944441437721252, -0.20215103030204773], [0.21433576941490173, 0.8560797572135925, -0.2296428233385086], [0.1762421727180481, 0.852764368057251, -0.26036378741264343], [0.1760513186454773, 0.8258653879165649, -0.24987739324569702], [0.19211427867412567, 0.8228851556777954, -0.23410281538963318], [0.22834718227386475, 0.7911491394042969, -0.21207058429718018], [0.2242973893880844, 0.8473931550979614, -0.2454889416694641], [0.18891823291778564, 0.8398287296295166, -0.267764687538147], [0.18758930265903473, 0.8151167035102844, -0.25764918327331543], [0.20573177933692932, 0.815973699092865, -0.2453187108039856], [0.23489367961883545, 0.7864990234375, -0.22300243377685547], [0.23257754743099213, 0.8325361609458923, -0.2562391757965088], [0.2039102166891098, 0.8250179886817932, -0.27339959144592285], [0.20008893311023712, 0.8084946274757385, -0.2650291323661804], [0.21591931581497192, 0.808435320854187, -0.2526378035545349]]"
