Head Pose,Left Arm Pose,Right Arm Pose,Left Hand (25x3),Right Hand (25x3)
"[[0.0, 0.0, 0.0, 0.0], [0.0, 0.0, 0.0, 0.0], [0.0, 0.0, 0.0, 0.0], [0.0, 0.0, 0.0, 0.0]]","[[0.0, 0.0, 0.0, 0.0], [0.0, 0.0, 0.0, 0.0], [0.0, 0.0, 0.0, 0.0], [0.0, 0.0, 0.0, 0.0]]","[[0.0, 0.0, 0.0, 0.0], [0.0, 0.0, 0.0, 0.0], [0.0, 0.0, 0.0, 0.0], [0.0, 0.0, 0.0, 0.0]]","[[0.0, 0.0, 0.0], [0.0, 0.0, 0.0], [0.0, 0.0, 0.0], [0.0, 0.0, 0.0], [0.0, 0.0, 0.0], [0.0, 0.0, 0.0], [0.0, 0.0, 0.0], [0.0, 0.0, 0.0], [0.0, 0.0, 0.0], [0.0, 0.0, 0.0], [0.0, 0.0, 0.0], [0.0, 0.0, 0.0], [0.0, 0.0, 0.0], [0.0, 0.0, 0.0], [0.0, 0.0, 0.0], [0.0, 0.0, 0.0], [0.0, 0.0, 0.0], [0.0, 0.0, 0.0], [0.0, 0.0, 0.0], [0.0, 0.0, 0.0], [0.0, 0.0, 0.0], [0.0, 0.0, 0.0], [0.0, 0.0, 0.0], [0.0, 0.0, 0.0], [0.0, 0.0, 0.0]]","[[0.0, 0.0, 0.0], [0.0, 0.0, 0.0], [0.0, 0.0, 0.0], [0.0, 0.0, 0.0], [0.0, 0.0, 0.0], [0.0, 0.0, 0.0], [0.0, 0.0, 0.0], [0.0, 0.0, 0.0], [0.0, 0.0, 0.0], [0.0, 0.0, 0.0], [0.0, 0.0, 0.0], [0.0, 0.0, 0.0], [0.0, 0.0, 0.0], [0.0, 0.0, 0.0], [0.0, 0.0, 0.0], [0.0, 0.0, 0.0], [0.0, 0.0, 0.0], [0.0, 0.0, 0.0], [0.0, 0.0, 0.0], [0.0, 0.0, 0.0], [0.0, 0.0, 0.0], [0.0, 0.0, 0.0], [0.0, 0.0, 0.0], [0.0, 0.0, 0.0], [0.0, 0.0, 0.0]]"
"[[0.9969843031575389, -0.03705465968107252, 0.06818535298740794, -0.009339985733440682], [0.051563991351375335, 0.9729435449713432, -0.22521551230741144, 1.1646662580508846], [-0.05799521385991644, 0.22805224081682557, 0.9719201319101406, -0.20465765620380544], [0.0, 0.0, 0.0, 1.0]]","[[0.0, 0.0, 0.0, 0.0], [0.0, 0.0, 0.0, 0.0], [0.0, 0.0, 0.0, 0.0], [0.0, 0.0, 0.0, 0.0]]","[[0.0, 0.0, 0.0, 0.0], [0.0, 0.0, 0.0, 0.0], [0.0, 0.0, 0.0, 0.0], [0.0, 0.0, 0.0, 0.0]]","[[0.0, 0.0, 0.0], [0.0, 0.0, 0.0], [0.0, 0.0, 0.0], [0.0, 0.0, 0.0], [0.0, 0.0, 0.0], [0.0, 0.0, 0.0], [0.0, 0.0, 0.0], [0.0, 0.0, 0.0], [0.0, 0.0, 0.0], [0.0, 0.0, 0.0], [0.0, 0.0, 0.0], [0.0, 0.0, 0.0], [0.0, 0.0, 0.0], [0.0, 0.0, 0.0], [0.0, 0.0, 0.0], [0.0, 0.0, 0.0], [0.0, 0.0, 0.0], [0.0, 0.0, 0.0], [0.0, 0.0, 0.0], [0.0, 0.0, 0.0], [0.0, 0.0, 0.0], [0.0, 0.0, 0.0], [0.0, 0.0, 0.0], [0.0, 0.0, 0.0], [0.0, 0.0, 0.0]]","[[0.0, 0.0, 0.0], [0.0, 0.0, 0.0], [0.0, 0.0, 0.0], [0.0, 0.0, 0.0], [0.0, 0.0, 0.0], [0.0, 0.0, 0.0], [0.0, 0.0, 0.0], [0.0, 0.0, 0.0], [0.0, 0.0, 0.0], [0.0, 0.0, 0.0], [0.0, 0.0, 0.0], [0.0, 0.0, 0.0], [0.0, 0.0, 0.0], [0.0, 0.0, 0.0], [0.0, 0.0, 0.0], [0.0, 0.0, 0.0], [0.0, 0.0, 0.0], [0.0, 0.0, 0.0], [0.0, 0.0, 0.0], [0.0, 0.0, 0.0], [0.0, 0.0, 0.0], [0.0, 0.0, 0.0], [0.0, 0.0, 0.0], [0.0, 0.0, 0.0], [0.0, 0.0, 0.0]]"
"[[0.9969843031575389, -0.03705465968107252, 0.06818535298740794, -0.009339985733440682], [0.051563991351375335, 0.9729435449713432, -0.22521551230741144, 1.1646662580508846], [-0.05799521385991644, 0.22805224081682557, 0.9719201319101406, -0.20465765620380544], [0.0, 0.0, 0.0, 1.0]]","[[0.8730329871177673, -0.4635127782821655, -0.15155597031116486, -0.2551337480545044], [0.4403080642223358, 0.6156350374221802, 0.6535458564758301, 0.7922977805137634], [-0.20962373912334442, -0.6372984051704407, 0.7415581941604614, 0.03794952481985092], [0.0, 0.0, 0.0, 1.0]]","[[-0.581972599029541, 0.7682178020477295, 0.266736775636673, 0.11980637907981873], [-0.7386602163314819, -0.36218634247779846, -0.5685080885887146, 0.975803017616272], [-0.34012964367866516, -0.5278842449188232, 0.778235137462616, -0.051382824778556824], [0.0, 0.0, 0.0, 1.0]]","[[-0.2551337480545044, 0.7922977805137634, 0.03794952481985092], [-0.23273052275180817, 0.7802189588546753, 0.025552939623594284], [-0.19658879935741425, 0.7466957569122314, 0.009174717590212822], [-0.189469113945961, 0.7189559936523438, -0.001499675214290619], [-0.18226495385169983, 0.6942335367202759, -0.001630350947380066], [-0.2388790398836136, 0.7845910787582397, 0.018682610243558884], [-0.21590739488601685, 0.7439690828323364, -0.019638370722532272], [-0.20815454423427582, 0.7151265144348145, -0.03526478260755539], [-0.19786199927330017, 0.6959524154663086, -0.03500039875507355], [-0.19136157631874084, 0.68705153465271, -0.030718021094799042], [-0.2483810931444168, 0.778615415096283, 0.019821003079414368], [-0.23924154043197632, 0.7350184321403503, -0.0058135464787483215], [-0.22989287972450256, 0.6915305852890015, -0.015645723789930344], [-0.2197975516319275, 0.6796563863754272, -0.017354071140289307], [-0.2145901620388031, 0.6873396635055542, 0.001014258712530136], [-0.2576177716255188, 0.7727696299552917, 0.02295127511024475], [-0.2590616047382355, 0.7235788702964783, 0.009572194889187813], [-0.24864837527275085, 0.6868481040000916, -0.0004268661141395569], [-0.2387157529592514, 0.6780303120613098, -0.006223123520612717], [-0.23489299416542053, 0.6868382692337036, 0.01122867688536644], [-0.26849719882011414, 0.766773521900177, 0.027147388085722923], [-0.2762814164161682, 0.7195174098014832, 0.02269931137561798], [-0.2670728862285614, 0.6909617781639099, 0.012314995750784874], [-0.257541298866272, 0.6833173036575317, 0.0009182840585708618], [-0.25016888976097107, 0.6863012313842773, 0.014300845563411713]]","[[0.11980637907981873, 0.975803017616272, -0.051382824778556824], [0.11630164831876755, 1.0039098262786865, -0.05399072542786598], [0.0906277596950531, 1.049299716949463, -0.06176595017313957], [0.07113273441791534, 1.0688618421554565, -0.0769961029291153], [0.05285673588514328, 1.0858709812164307, -0.09156057238578796], [0.12257111817598343, 0.9995987415313721, -0.05994568020105362], [0.10935884714126587, 1.0484299659729004, -0.10795417428016663], [0.08053644001483917, 1.0670948028564453, -0.13391149044036865], [0.058652035892009735, 1.0767762660980225, -0.13729673624038696], [0.038199059665203094, 1.0845835208892822, -0.13593383133411407], [0.11565780639648438, 0.9920143485069275, -0.06420248746871948], [0.09855517745018005, 1.0287716388702393, -0.11726955324411392], [0.06325763463973999, 1.050470232963562, -0.14129772782325745], [0.04744640737771988, 1.0532035827636719, -0.1174045130610466], [0.05371206998825073, 1.0466731786727905, -0.09666918218135834], [0.10799430310726166, 0.9839520454406738, -0.06745927780866623], [0.08661790192127228, 1.013405442237854, -0.12044104188680649], [0.054765596985816956, 1.032192587852478, -0.1395902782678604], [0.043412551283836365, 1.032595157623291, -0.11502653360366821], [0.05193684995174408, 1.024512529373169, -0.09653113037347794], [0.09955762326717377, 0.974041223526001, -0.07076830416917801], [0.07749327272176743, 0.9957121014595032, -0.1175089031457901], [0.0512627437710762, 1.013154149055481, -0.12922319769859314], [0.04201504588127136, 1.0166521072387695, -0.11309486627578735], [0.04865683615207672, 1.010249137878418, -0.09542185068130493]]"
"[[0.9969843031575389, -0.03705465968107252, 0.06818535298740794, -0.009339985733440682], [0.051563991351375335, 0.9729435449713432, -0.22521551230741144, 1.1646662580508846], [-0.05799521385991644, 0.22805224081682557, 0.9719201319101406, -0.20465765620380544], [0.0, 0.0, 0.0, 1.0]]","[[0.8766828775405884, -0.45620235800743103, -0.15266473591327667, -0.2533975839614868], [0.4436238408088684, 0.6439068913459778, 0.623363196849823, 0.7881451845169067], [-0.18607792258262634, -0.6142175793647766, 0.766884446144104, 0.038601018488407135], [0.0, 0.0, 0.0, 1.0]]","[[-0.8913856744766235, 0.14935533702373505, 0.4279301166534424, 0.08752726018428802], [-0.3596344590187073, -0.8076893091201782, -0.4672265648841858, 1.0239298343658447], [0.27585187554359436, -0.5703775882720947, 0.773676335811615, -0.0668848305940628], [0.0, 0.0, 0.0, 1.0]]","[[-0.2533975839614868, 0.7881451845169067, 0.038601018488407135], [-0.23092108964920044, 0.7764276266098022, 0.025818103924393654], [-0.19430342316627502, 0.7441409230232239, 0.008527534082531929], [-0.1873474419116974, 0.7168561220169067, -0.00316552072763443], [-0.18013280630111694, 0.6924971342086792, -0.00427636131644249], [-0.23701968789100647, 0.7811259031295776, 0.019078003242611885], [-0.21390026807785034, 0.7423578500747681, -0.02087525650858879], [-0.2069697231054306, 0.7141944169998169, -0.037234820425510406], [-0.19703543186187744, 0.6950479745864868, -0.03653224557638168], [-0.19106239080429077, 0.6870384216308594, -0.031655386090278625], [-0.24658693373203278, 0.7751457691192627, 0.019914792850613594], [-0.23737189173698425, 0.7333964109420776, -0.007462788373231888], [-0.22817833721637726, 0.6899224519729614, -0.017210450023412704], [-0.2187895029783249, 0.6786974668502808, -0.018432341516017914], [-0.21419638395309448, 0.6868429183959961, -0.00020697340369224548], [-0.2558998465538025, 0.7692121267318726, 0.022754091769456863], [-0.25735142827033997, 0.7218092679977417, 0.0075415950268507], [-0.2466420829296112, 0.6853101849555969, -0.002648811787366867], [-0.237189382314682, 0.6769326329231262, -0.008271869271993637], [-0.23399309813976288, 0.6860594153404236, 0.009063906967639923], [-0.2668674886226654, 0.7630931735038757, 0.026645157486200333], [-0.2746892273426056, 0.7173908352851868, 0.020566802471876144], [-0.2651224732398987, 0.6890479326248169, 0.010038284584879875], [-0.25570839643478394, 0.6819545030593872, -0.0010594949126243591], [-0.24878215789794922, 0.6852378249168396, 0.012406988069415092]]","[[0.08752726018428802, 1.0239298343658447, -0.0668848305940628], [0.09234648942947388, 1.0480551719665527, -0.08211904764175415], [0.08619944006204605, 1.0977264642715454, -0.09965625405311584], [0.06531161814928055, 1.1175181865692139, -0.11187179386615753], [0.044872622936964035, 1.134641408920288, -0.12286251783370972], [0.09147102385759354, 1.0397392511367798, -0.08845222741365433], [0.07199772447347641, 1.0783852338790894, -0.14425110816955566], [0.045359645038843155, 1.1120866537094116, -0.144271120429039], [0.03918043151497841, 1.1255220174789429, -0.12496339529752731], [0.03819497302174568, 1.1328386068344116, -0.10410074144601822], [0.08068256080150604, 1.0362797975540161, -0.0867065042257309], [0.05199100077152252, 1.0656251907348633, -0.13933220505714417], [0.02389570325613022, 1.1041579246520996, -0.14297650754451752], [0.031274061650037766, 1.1103049516677856, -0.11557039618492126], [0.04525427520275116, 1.0998666286468506, -0.10123861581087112], [0.07022365927696228, 1.0331441164016724, -0.08292028307914734], [0.03586368262767792, 1.0588674545288086, -0.13051840662956238], [0.01037047803401947, 1.090885877609253, -0.13755223155021667], [0.018517062067985535, 1.097107172012329, -0.11226668953895569], [0.03197254240512848, 1.0869795083999634, -0.09837643802165985], [0.058595769107341766, 1.0289289951324463, -0.07788419723510742], [0.023862160742282867, 1.0495518445968628, -0.1163034737110138], [0.003960773348808289, 1.076209545135498, -0.12030251324176788], [0.00903746485710144, 1.0850872993469238, -0.10417616367340088], [0.022304512560367584, 1.0781317949295044, -0.09108570218086243]]"
"[[0.9969843031575389, -0.03705465968107252, 0.06818535298740794, -0.009339985733440682], [0.051563991351375335, 0.9729435449713432, -0.22521551230741144, 1.1646662580508846], [-0.05799521385991644, 0.22805224081682557, 0.9719201319101406, -0.20465765620380544], [0.0, 0.0, 0.0, 1.0]]","[[0.8758851885795593, -0.4572259783744812, -0.1541735976934433, -0.2537045180797577], [0.4442707598209381, 0.6395056247711182, 0.6274200677871704, 0.7863085269927979], [-0.188277930021286, -0.6180427670478821, 0.7632656693458557, 0.0384097658097744], [0.0, 0.0, 0.0, 1.0]]","[[0.48722323775291443, 0.8091742396354675, 0.32840630412101746, 0.08636602014303207], [0.08834739029407501, 0.32845932245254517, -0.9403772354125977, 1.0395601987838745], [-0.8687970638275146, 0.48718753457069397, 0.08854455500841141, -0.07749290764331818], [0.0, 0.0, 0.0, 1.0]]","[[-0.2537045180797577, 0.7863085269927979, 0.0384097658097744], [-0.2311849147081375, 0.7745543718338013, 0.0256933756172657], [-0.19436994194984436, 0.7421033978462219, 0.00923897698521614], [-0.18725508451461792, 0.7146704196929932, -0.001989394426345825], [-0.18161705136299133, 0.6896982192993164, -0.0024913661181926727], [-0.23729431629180908, 0.7792054414749146, 0.018919769674539566], [-0.2140735387802124, 0.7401946783065796, -0.020812109112739563], [-0.20707730948925018, 0.7119100689888, -0.036981914192438126], [-0.1971200406551361, 0.6928648948669434, -0.036125462502241135], [-0.19135624170303345, 0.6856008172035217, -0.03090224787592888], [-0.24685674905776978, 0.7732073664665222, 0.01978764683008194], [-0.23753327131271362, 0.7311917543411255, -0.007391825318336487], [-0.2282886654138565, 0.6877439618110657, -0.01694859191775322], [-0.21889664232730865, 0.6768243312835693, -0.018096469342708588], [-0.2147374302148819, 0.686349093914032, -0.0004142001271247864], [-0.25616544485092163, 0.7672677636146545, 0.022659221664071083], [-0.25751087069511414, 0.7196488380432129, 0.007703471928834915], [-0.24688969552516937, 0.6831008195877075, -0.0021102875471115112], [-0.2374928593635559, 0.675400972366333, -0.007423147559165955], [-0.23505572974681854, 0.686564028263092, 0.008875226601958275], [-0.267130047082901, 0.7611454725265503, 0.026583701372146606], [-0.27485528588294983, 0.7152829766273499, 0.020756322890520096], [-0.26511847972869873, 0.6869497895240784, 0.010494185611605644], [-0.25559866428375244, 0.6806808114051819, -2.1364539861679077e-05], [-0.24952222406864166, 0.6866105198860168, 0.013064101338386536]]","[[0.08636602014303207, 1.0395601987838745, -0.07749290764331818], [0.06311430037021637, 1.0540730953216553, -0.06951775401830673], [0.017354600131511688, 1.0802210569381714, -0.07410889118909836], [-0.003846697509288788, 1.1015430688858032, -0.08304359018802643], [-0.026227623224258423, 1.1192169189453125, -0.08756237477064133], [0.07181649655103683, 1.0589399337768555, -0.06633288413286209], [0.04081270098686218, 1.1214226484298706, -0.06310424208641052], [0.024572663009166718, 1.1611526012420654, -0.06576309353113174], [0.009434029459953308, 1.1791150569915771, -0.07171286642551422], [-0.004926159977912903, 1.1946685314178467, -0.07760592550039291], [0.0767727717757225, 1.0615489482879639, -0.07643304020166397], [0.05651745945215225, 1.1241484880447388, -0.08240368962287903], [0.04258599504828453, 1.1672505140304565, -0.09779994189739227], [0.018463946878910065, 1.1599758863449097, -0.11197555810213089], [0.008942902088165283, 1.1396827697753906, -0.11420673131942749], [0.08122476190328598, 1.062259316444397, -0.08716851472854614], [0.06535694748163223, 1.1222665309906006, -0.10032223165035248], [0.0525180883705616, 1.1583778858184814, -0.11634187400341034], [0.0313594825565815, 1.1469303369522095, -0.1289381980895996], [0.02265208214521408, 1.1271331310272217, -0.13145914673805237], [0.0868302583694458, 1.0622284412384033, -0.09934499114751816], [0.07522548735141754, 1.1134549379348755, -0.11642299592494965], [0.05968750640749931, 1.138298749923706, -0.1326906383037567], [0.044147662818431854, 1.1314926147460938, -0.14126461744308472], [0.03474428132176399, 1.1141694784164429, -0.14324554800987244]]"
"[[0.9969843031575389, -0.03705465968107252, 0.06818535298740794, -0.009339985733440682], [0.051563991351375335, 0.9729435449713432, -0.22521551230741144, 1.1646662580508846], [-0.05799521385991644, 0.22805224081682557, 0.9719201319101406, -0.20465765620380544], [0.0, 0.0, 0.0, 1.0]]","[[0.8746522068977356, -0.4588985741138458, -0.15619106590747833, -0.25369080901145935], [0.4474198818206787, 0.6402459144592285, 0.6244202256202698, 0.786289632320404], [-0.18654486536979675, -0.6160335540771484, 0.7653128504753113, 0.03882008045911789], [0.0, 0.0, 0.0, 1.0]]","[[0.4756723642349243, 0.8228376507759094, 0.3109242618083954, 0.08587826788425446], [0.07872919738292694, 0.3122302293777466, -0.9467384815216064, 1.0402944087982178], [-0.8760920763015747, 0.47481608390808105, 0.08373798429965973, -0.08007818460464478], [0.0, 0.0, 0.0, 1.0]]","[[-0.25369080901145935, 0.786289632320404, 0.03882008045911789], [-0.23113316297531128, 0.7746427059173584, 0.026070531457662582], [-0.19422239065170288, 0.7423548698425293, 0.009519213810563087], [-0.18702556192874908, 0.714982271194458, -0.0017982758581638336], [-0.18130922317504883, 0.6900522708892822, -0.0023839622735977173], [-0.2372542768716812, 0.7792987823486328, 0.019310535863041878], [-0.21390515565872192, 0.7405197620391846, -0.020543303340673447], [-0.2068159282207489, 0.7123464345932007, -0.03680463135242462], [-0.19680321216583252, 0.693374752998352, -0.03583777695894241], [-0.19106872379779816, 0.6862043738365173, -0.03056614100933075], [-0.24679993093013763, 0.7732701301574707, 0.020155686885118484], [-0.23734045028686523, 0.7314334511756897, -0.007156606763601303], [-0.22796471416950226, 0.6880522966384888, -0.016858946532011032], [-0.2185659110546112, 0.6774847507476807, -0.01782974973320961], [-0.2145533412694931, 0.6872774362564087, -0.0002517402172088623], [-0.2560925781726837, 0.7672939896583557, 0.02300485037267208], [-0.25729039311408997, 0.7198081016540527, 0.007903475314378738], [-0.24657218158245087, 0.6833135485649109, -0.0020324625074863434], [-0.23717743158340454, 0.67564857006073, -0.0073663294315338135], [-0.23472099006175995, 0.6866481304168701, 0.009034775197505951], [-0.2670409381389618, 0.7611268162727356, 0.026905905455350876], [-0.2746295630931854, 0.715354323387146, 0.020943865180015564], [-0.2648041844367981, 0.6870684027671814, 0.010579871013760567], [-0.2552701532840729, 0.6808010339736938, 3.549829125404358e-05], [-0.2491689920425415, 0.6865713596343994, 0.013169130310416222]]","[[0.08587826788425446, 1.0402944087982178, -0.08007818460464478], [0.06304395943880081, 1.0552767515182495, -0.0717463418841362], [0.017772838473320007, 1.082328200340271, -0.0758034884929657], [-0.003163956105709076, 1.1040980815887451, -0.08424828201532364], [-0.02530837059020996, 1.1221669912338257, -0.08832953870296478], [0.07188176363706589, 1.0599663257598877, -0.06869324296712875], [0.04219549894332886, 1.1230597496032715, -0.06498342007398605], [0.026545919477939606, 1.1630252599716187, -0.06752587854862213], [0.011551685631275177, 1.1811392307281494, -0.07336468249559402], [-0.0027432814240455627, 1.1967759132385254, -0.07918571680784225], [0.0767444521188736, 1.0624796152114868, -0.07886890321969986], [0.05768877640366554, 1.1254993677139282, -0.08450142294168472], [0.04460125043988228, 1.1690192222595215, -0.09944964200258255], [0.020098678767681122, 1.162493348121643, -0.11330708861351013], [0.010267563164234161, 1.1423304080963135, -0.11533171683549881], [0.08105433732271194, 1.0631043910980225, -0.08967284858226776], [0.06618955731391907, 1.1234337091445923, -0.10257509350776672], [0.0538376085460186, 1.159803867340088, -0.11839503049850464], [0.03231174498796463, 1.1486825942993164, -0.1306329220533371], [0.023420948535203934, 1.128933310508728, -0.13283926248550415], [0.0864797979593277, 1.0629644393920898, -0.10193489491939545], [0.07564028352499008, 1.1144306659698486, -0.1188289225101471], [0.06080880016088486, 1.1400671005249023, -0.13449876010417938], [0.04491977021098137, 1.133960485458374, -0.1429373025894165], [0.03500315546989441, 1.1169277429580688, -0.1449163407087326]]"
"[[0.9969843031575389, -0.03705465968107252, 0.06818535298740794, -0.009339985733440682], [0.051563991351375335, 0.9729435449713432, -0.22521551230741144, 1.1646662580508846], [-0.05799521385991644, 0.22805224081682557, 0.9719201319101406, -0.20465765620380544], [0.0, 0.0, 0.0, 1.0]]","[[0.8824527859687805, -0.44411763548851013, -0.15503717958927155, -0.25337526202201843], [0.43593207001686096, 0.6482585072517395, 0.6242788434028625, 0.7889955043792725], [-0.1767491102218628, -0.6184823513031006, 0.765662670135498, 0.03943141549825668], [0.0, 0.0, 0.0, 1.0]]","[[-0.5019534826278687, 0.804085373878479, 0.31857335567474365, 0.1252291053533554], [-0.4388081133365631, 0.08064738661050797, -0.894954264163971, 1.0991140604019165], [-0.7453117966651917, -0.5890182256698608, 0.31235823035240173, -0.06926050782203674], [0.0, 0.0, 0.0, 1.0]]","[[-0.25337526202201843, 0.7889955043792725, 0.03943141549825668], [-0.23083798587322235, 0.7770676612854004, 0.026854123920202255], [-0.19418737292289734, 0.7444068789482117, 0.010576371103525162], [-0.187157541513443, 0.7170184850692749, -0.0007644407451152802], [-0.18042686581611633, 0.6923519372940063, -0.0015211813151836395], [-0.23683415353298187, 0.7818307876586914, 0.020043982192873955], [-0.21350474655628204, 0.7428706288337708, -0.019709624350070953], [-0.20640912652015686, 0.7148248553276062, -0.03605194389820099], [-0.19677919149398804, 0.6958975195884705, -0.034743569791316986], [-0.19145357608795166, 0.6887626647949219, -0.029393553733825684], [-0.24647697806358337, 0.7759262323379517, 0.020779389888048172], [-0.23705723881721497, 0.7340357303619385, -0.006594434380531311], [-0.22852426767349243, 0.6908433437347412, -0.01726098731160164], [-0.21928340196609497, 0.6791523098945618, -0.018755223602056503], [-0.21447929739952087, 0.6865348219871521, -0.00035759806632995605], [-0.25588545203208923, 0.7700648307800293, 0.02352304384112358], [-0.2572108507156372, 0.7226526737213135, 0.008300233632326126], [-0.24715687334537506, 0.6861645579338074, -0.002038046717643738], [-0.23802544176578522, 0.6777818202972412, -0.0076003409922122955], [-0.23470397293567657, 0.6865804195404053, 0.009814074262976646], [-0.26696348190307617, 0.7640319466590881, 0.027302782982587814], [-0.274707555770874, 0.7183966636657715, 0.021203886717557907], [-0.26527106761932373, 0.6900947093963623, 0.010812439024448395], [-0.2560260593891144, 0.6830946803092957, -0.00010848045349121094], [-0.24918775260448456, 0.6861493587493896, 0.013395806774497032]]","[[0.13973040878772736, 1.1152774095535278, -0.06428387761116028], [0.12985768914222717, 1.139299988746643, -0.04502054303884506], [0.10384736955165863, 1.1797631978988647, -0.01727953553199768], [0.0869150310754776, 1.2054263353347778, -0.01294427365064621], [0.07367219030857086, 1.2283376455307007, -0.0019619986414909363], [0.1376228630542755, 1.1418811082839966, -0.052015140652656555], [0.12045933306217194, 1.210816502571106, -0.049241844564676285], [0.1110038310289383, 1.2519347667694092, -0.05770491808652878], [0.0982251912355423, 1.2725424766540527, -0.05838944762945175], [0.08474930375814438, 1.2899448871612549, -0.05766928941011429], [0.13368484377861023, 1.1395769119262695, -0.06388486921787262], [0.11581580340862274, 1.2033122777938843, -0.07564796507358551], [0.10810903459787369, 1.2478739023208618, -0.09461002051830292], [0.08530990779399872, 1.2665033340454102, -0.09177501499652863], [0.06447828561067581, 1.273819088935852, -0.08352652192115784], [0.12884578108787537, 1.1354798078536987, -0.07522885501384735], [0.10746286809444427, 1.1941274404525757, -0.09349428117275238], [0.0962689071893692, 1.2330083847045898, -0.10765817761421204], [0.07296482473611832, 1.2483991384506226, -0.1025054007768631], [0.0524970144033432, 1.2555997371673584, -0.09468992054462433], [0.12341471761465073, 1.129993200302124, -0.08826262503862381], [0.09960304200649261, 1.1780234575271606, -0.10827189683914185], [0.08078770339488983, 1.2062437534332275, -0.11651086807250977], [0.06509959697723389, 1.2185896635055542, -0.11563404649496078], [0.047425754368305206, 1.2291773557662964, -0.11238552629947662]]"
"[[0.847998304005088, 0.32982091628272336, -0.41486990682251124, -0.5000000000000001], [2.7755575615628914e-17, 0.7827749746443304, 0.6223048602337666, 0.7499999999999999], [0.5299989400031799, -0.5277134660523575, 0.663791850916018, 0.8000000000000002], [0.0, 0.0, 0.0, 1.0]]","[[0.8887420296669006, -0.4238433241844177, -0.1746263951063156, -0.25392377376556396], [0.4375661313533783, 0.6708121299743652, 0.5987879037857056, 0.7870514392852783], [-0.13665077090263367, -0.6085785627365112, 0.7816384434700012, 0.03993350267410278], [0.0, 0.0, 0.0, 1.0]]","[[-0.38443875312805176, 0.8881967067718506, 0.25162044167518616, 0.1489555686712265], [-0.07608494162559509, 0.24115470051765442, -0.9674994349479675, 1.1334165334701538], [-0.920009434223175, -0.3910890817642212, -0.025130584836006165, -0.05208970606327057], [0.0, 0.0, 0.0, 1.0]]","[[-0.25392377376556396, 0.7870514392852783, 0.03993350267410278], [-0.2311294972896576, 0.7754764556884766, 0.027634259313344955], [-0.1945267617702484, 0.7429589033126831, 0.011309457942843437], [-0.18715277314186096, 0.7160437107086182, -0.0006798617541790009], [-0.17960289120674133, 0.6919697523117065, -0.0020739883184432983], [-0.23689788579940796, 0.7804833650588989, 0.020836157724261284], [-0.2122909426689148, 0.743294358253479, -0.019390657544136047], [-0.2051561027765274, 0.7161388993263245, -0.03644721210002899], [-0.19595685601234436, 0.6969941258430481, -0.03517327457666397], [-0.19110184907913208, 0.6894778609275818, -0.02985251694917679], [-0.2465580701828003, 0.7746149301528931, 0.02109537087380886], [-0.23586934804916382, 0.7345148324966431, -0.007159143686294556], [-0.22661720216274261, 0.6911872625350952, -0.016435787081718445], [-0.218753382563591, 0.6797560453414917, -0.017353221774101257], [-0.21492700278759003, 0.686771035194397, 0.001299835741519928], [-0.2560417056083679, 0.7687208652496338, 0.023364538326859474], [-0.2562106251716614, 0.7230467796325684, 0.006926000118255615], [-0.2455427348613739, 0.6866600513458252, -0.002580750733613968], [-0.23743560910224915, 0.6785171031951904, -0.00777796283364296], [-0.2347153127193451, 0.6864587664604187, 0.010043924674391747], [-0.26722079515457153, 0.7626285552978516, 0.026613201946020126], [-0.2740226089954376, 0.7184680104255676, 0.019264116883277893], [-0.26415717601776123, 0.6903730034828186, 0.008905865252017975], [-0.2553751766681671, 0.683771014213562, -0.0016321763396263123], [-0.24912241101264954, 0.686316967010498, 0.012114591896533966]]","[[0.1489555686712265, 1.1334165334701538, -0.05208970606327057], [0.13894367218017578, 1.1545450687408447, -0.029498005285859108], [0.11064596474170685, 1.1912516355514526, 0.001209508627653122], [0.0949677973985672, 1.2148499488830566, 0.013629421591758728], [0.08352993428707123, 1.2329257726669312, 0.03249821811914444], [0.14703567326068878, 1.1578904390335083, -0.03571062535047531], [0.13217277824878693, 1.225990891456604, -0.02199694514274597], [0.12606647610664368, 1.2683684825897217, -0.022568192332983017], [0.11633346974849701, 1.2903913259506226, -0.020129546523094177], [0.10652731359004974, 1.309861660003662, -0.017320312559604645], [0.1435757875442505, 1.157570481300354, -0.047808077186346054], [0.12830804288387299, 1.2228566408157349, -0.04915384203195572], [0.12183135747909546, 1.269993543624878, -0.05868768319487572], [0.1021432876586914, 1.2917131185531616, -0.054840411990880966], [0.08390399068593979, 1.3050073385238647, -0.04884500429034233], [0.1391810178756714, 1.1554452180862427, -0.05970705673098564], [0.1203860342502594, 1.216858983039856, -0.06843958795070648], [0.1118466928601265, 1.2578983306884766, -0.07664063572883606], [0.09195008873939514, 1.2775367498397827, -0.07209253311157227], [0.07395178079605103, 1.2904243469238281, -0.0664256140589714], [0.1341896653175354, 1.1523414850234985, -0.07341110706329346], [0.11267060041427612, 1.203825831413269, -0.08544909954071045], [0.09582677483558655, 1.233920931816101, -0.09095852822065353], [0.08221684396266937, 1.2484722137451172, -0.09062685817480087], [0.0672527477145195, 1.2626960277557373, -0.08936986327171326]]"
"[[0.847998304005088, 0.32982091628272336, -0.4148699068225112, -0.5000000000000001], [0.0, 0.7827749746443304, 0.6223048602337666, 0.7499999999999999], [0.5299989400031799, -0.5277134660523575, 0.663791850916018, 0.8000000000000002], [0.0, 0.0, 0.0, 1.0]]","[[0.8887420296669006, -0.4238433241844177, -0.1746263951063156, -0.25392377376556396], [0.4375661313533783, 0.6708121299743652, 0.5987879037857056, 0.7870514392852783], [-0.13665077090263367, -0.6085785627365112, 0.7816384434700012, 0.03993350267410278], [0.0, 0.0, 0.0, 1.0]]","[[-0.38443875312805176, 0.8881967067718506, 0.25162044167518616, 0.1489555686712265], [-0.07608494162559509, 0.24115470051765442, -0.9674994349479675, 1.1334165334701538], [-0.920009434223175, -0.3910890817642212, -0.025130584836006165, -0.05208970606327057], [0.0, 0.0, 0.0, 1.0]]","[[-0.25392377376556396, 0.7870514392852783, 0.03993350267410278], [-0.2311294972896576, 0.7754764556884766, 0.027634259313344955], [-0.1945267617702484, 0.7429589033126831, 0.011309457942843437], [-0.18715277314186096, 0.7160437107086182, -0.0006798617541790009], [-0.17960289120674133, 0.6919697523117065, -0.0020739883184432983], [-0.23689788579940796, 0.7804833650588989, 0.020836157724261284], [-0.2122909426689148, 0.743294358253479, -0.019390657544136047], [-0.2051561027765274, 0.7161388993263245, -0.03644721210002899], [-0.19595685601234436, 0.6969941258430481, -0.03517327457666397], [-0.19110184907913208, 0.6894778609275818, -0.02985251694917679], [-0.2465580701828003, 0.7746149301528931, 0.02109537087380886], [-0.23586934804916382, 0.7345148324966431, -0.007159143686294556], [-0.22661720216274261, 0.6911872625350952, -0.016435787081718445], [-0.218753382563591, 0.6797560453414917, -0.017353221774101257], [-0.21492700278759003, 0.686771035194397, 0.001299835741519928], [-0.2560417056083679, 0.7687208652496338, 0.023364538326859474], [-0.2562106251716614, 0.7230467796325684, 0.006926000118255615], [-0.2455427348613739, 0.6866600513458252, -0.002580750733613968], [-0.23743560910224915, 0.6785171031951904, -0.00777796283364296], [-0.2347153127193451, 0.6864587664604187, 0.010043924674391747], [-0.26722079515457153, 0.7626285552978516, 0.026613201946020126], [-0.2740226089954376, 0.7184680104255676, 0.019264116883277893], [-0.26415717601776123, 0.6903730034828186, 0.008905865252017975], [-0.2553751766681671, 0.683771014213562, -0.0016321763396263123], [-0.24912241101264954, 0.686316967010498, 0.012114591896533966]]","[[0.1489555686712265, 1.1334165334701538, -0.05208970606327057], [0.13894367218017578, 1.1545450687408447, -0.029498005285859108], [0.11064596474170685, 1.1912516355514526, 0.001209508627653122], [0.0949677973985672, 1.2148499488830566, 0.013629421591758728], [0.08352993428707123, 1.2329257726669312, 0.03249821811914444], [0.14703567326068878, 1.1578904390335083, -0.03571062535047531], [0.13217277824878693, 1.225990891456604, -0.02199694514274597], [0.12606647610664368, 1.2683684825897217, -0.022568192332983017], [0.11633346974849701, 1.2903913259506226, -0.020129546523094177], [0.10652731359004974, 1.309861660003662, -0.017320312559604645], [0.1435757875442505, 1.157570481300354, -0.047808077186346054], [0.12830804288387299, 1.2228566408157349, -0.04915384203195572], [0.12183135747909546, 1.269993543624878, -0.05868768319487572], [0.1021432876586914, 1.2917131185531616, -0.054840411990880966], [0.08390399068593979, 1.3050073385238647, -0.04884500429034233], [0.1391810178756714, 1.1554452180862427, -0.05970705673098564], [0.1203860342502594, 1.216858983039856, -0.06843958795070648], [0.1118466928601265, 1.2578983306884766, -0.07664063572883606], [0.09195008873939514, 1.2775367498397827, -0.07209253311157227], [0.07395178079605103, 1.2904243469238281, -0.0664256140589714], [0.1341896653175354, 1.1523414850234985, -0.07341110706329346], [0.11267060041427612, 1.203825831413269, -0.08544909954071045], [0.09582677483558655, 1.233920931816101, -0.09095852822065353], [0.08221684396266937, 1.2484722137451172, -0.09062685817480087], [0.0672527477145195, 1.2626960277557373, -0.08936986327171326]]"
"[[1.0, 0.0, 0.0, 0.0], [0.0, 1.0, 0.0, 0.0], [0.0, 0.0, 1.0, 0.0], [0.0, 0.0, 0.0, 1.0]]","[[0.8887420296669006, -0.4238433241844177, -0.1746263951063156, -0.25392377376556396], [0.4375661313533783, 0.6708121299743652, 0.5987879037857056, 0.7870514392852783], [-0.13665077090263367, -0.6085785627365112, 0.7816384434700012, 0.03993350267410278], [0.0, 0.0, 0.0, 1.0]]","[[-0.38443875312805176, 0.8881967067718506, 0.25162044167518616, 0.1489555686712265], [-0.07608494162559509, 0.24115470051765442, -0.9674994349479675, 1.1334165334701538], [-0.920009434223175, -0.3910890817642212, -0.025130584836006165, -0.05208970606327057], [0.0, 0.0, 0.0, 1.0]]","[[-0.25392377376556396, 0.7870514392852783, 0.03993350267410278], [-0.2311294972896576, 0.7754764556884766, 0.027634259313344955], [-0.1945267617702484, 0.7429589033126831, 0.011309457942843437], [-0.18715277314186096, 0.7160437107086182, -0.0006798617541790009], [-0.17960289120674133, 0.6919697523117065, -0.0020739883184432983], [-0.23689788579940796, 0.7804833650588989, 0.020836157724261284], [-0.2122909426689148, 0.743294358253479, -0.019390657544136047], [-0.2051561027765274, 0.7161388993263245, -0.03644721210002899], [-0.19595685601234436, 0.6969941258430481, -0.03517327457666397], [-0.19110184907913208, 0.6894778609275818, -0.02985251694917679], [-0.2465580701828003, 0.7746149301528931, 0.02109537087380886], [-0.23586934804916382, 0.7345148324966431, -0.007159143686294556], [-0.22661720216274261, 0.6911872625350952, -0.016435787081718445], [-0.218753382563591, 0.6797560453414917, -0.017353221774101257], [-0.21492700278759003, 0.686771035194397, 0.001299835741519928], [-0.2560417056083679, 0.7687208652496338, 0.023364538326859474], [-0.2562106251716614, 0.7230467796325684, 0.006926000118255615], [-0.2455427348613739, 0.6866600513458252, -0.002580750733613968], [-0.23743560910224915, 0.6785171031951904, -0.00777796283364296], [-0.2347153127193451, 0.6864587664604187, 0.010043924674391747], [-0.26722079515457153, 0.7626285552978516, 0.026613201946020126], [-0.2740226089954376, 0.7184680104255676, 0.019264116883277893], [-0.26415717601776123, 0.6903730034828186, 0.008905865252017975], [-0.2553751766681671, 0.683771014213562, -0.0016321763396263123], [-0.24912241101264954, 0.686316967010498, 0.012114591896533966]]","[[0.1489555686712265, 1.1334165334701538, -0.05208970606327057], [0.13894367218017578, 1.1545450687408447, -0.029498005285859108], [0.11064596474170685, 1.1912516355514526, 0.001209508627653122], [0.0949677973985672, 1.2148499488830566, 0.013629421591758728], [0.08352993428707123, 1.2329257726669312, 0.03249821811914444], [0.14703567326068878, 1.1578904390335083, -0.03571062535047531], [0.13217277824878693, 1.225990891456604, -0.02199694514274597], [0.12606647610664368, 1.2683684825897217, -0.022568192332983017], [0.11633346974849701, 1.2903913259506226, -0.020129546523094177], [0.10652731359004974, 1.309861660003662, -0.017320312559604645], [0.1435757875442505, 1.157570481300354, -0.047808077186346054], [0.12830804288387299, 1.2228566408157349, -0.04915384203195572], [0.12183135747909546, 1.269993543624878, -0.05868768319487572], [0.1021432876586914, 1.2917131185531616, -0.054840411990880966], [0.08390399068593979, 1.3050073385238647, -0.04884500429034233], [0.1391810178756714, 1.1554452180862427, -0.05970705673098564], [0.1203860342502594, 1.216858983039856, -0.06843958795070648], [0.1118466928601265, 1.2578983306884766, -0.07664063572883606], [0.09195008873939514, 1.2775367498397827, -0.07209253311157227], [0.07395178079605103, 1.2904243469238281, -0.0664256140589714], [0.1341896653175354, 1.1523414850234985, -0.07341110706329346], [0.11267060041427612, 1.203825831413269, -0.08544909954071045], [0.09582677483558655, 1.233920931816101, -0.09095852822065353], [0.08221684396266937, 1.2484722137451172, -0.09062685817480087], [0.0672527477145195, 1.2626960277557373, -0.08936986327171326]]"
"[[0.9999933838841517, 0.0028763231968364686, -0.002233506980050785, -0.00015454223281902147], [-0.002722069373554831, 0.9978001117151613, 0.06623855149691542, 1.1344304355615271], [0.002419117038439533, -0.06623203390891118, 0.9978013039192516, -0.014496490425292139], [0.0, 0.0, 0.0, 1.0]]","[[0.9213227033615112, -0.3629155457019806, -0.13948753476142883, -0.20430755615234375], [0.3414517939090729, 0.5836806893348694, 0.7367003560066223, -0.13854199647903442], [-0.1859438717365265, -0.7263670563697815, 0.6616764068603516, 0.06539613008499146], [0.0, 0.0, 0.0, 1.0]]","[[0.40201494097709656, 0.8875858783721924, 0.22488941252231598, 0.16767661273479462], [-0.16647064685821533, 0.3123686611652374, -0.935261070728302, 0.012407779693603516], [-0.9003729820251465, 0.33855143189430237, 0.273333877325058, -0.03625911474227905], [0.0, 0.0, 0.0, 1.0]]","[[-0.20430755615234375, -0.13854199647903442, 0.06539613008499146], [-0.1810155212879181, -0.1528072953224182, 0.055243607610464096], [-0.15264005959033966, -0.19621293246746063, 0.05821505934000015], [-0.14387492835521698, -0.22620214521884918, 0.05832856521010399], [-0.12797093391418457, -0.24962033331394196, 0.05815894901752472], [-0.1863299310207367, -0.14906635880470276, 0.047182004898786545], [-0.16136546432971954, -0.1956673264503479, 0.0008611604571342468], [-0.14490044116973877, -0.2195245772600174, -0.03175985813140869], [-0.1346435546875, -0.23420917987823486, -0.04790199548006058], [-0.1253647655248642, -0.2482067197561264, -0.06136553734540939], [-0.1967335194349289, -0.1546076387166977, 0.048125363886356354], [-0.18561843037605286, -0.20140916109085083, 0.0013282522559165955], [-0.17958006262779236, -0.21756485104560852, -0.043704211711883545], [-0.176706001162529, -0.22816646099090576, -0.06988882273435593], [-0.17472964525222778, -0.2369302213191986, -0.08969888091087341], [-0.20705744624137878, -0.1598055362701416, 0.05116630718111992], [-0.2058812528848648, -0.2092878371477127, 0.008012861013412476], [-0.22078123688697815, -0.23577238619327545, -0.018468670547008514], [-0.22937974333763123, -0.2557709217071533, -0.033018819987773895], [-0.23647122085094452, -0.27242106199264526, -0.04404178261756897], [-0.21921095252037048, -0.1650000512599945, 0.055207159370183945], [-0.2231864482164383, -0.21129170060157776, 0.02206108719110489], [-0.23599344491958618, -0.23987062275409698, 0.015391416847705841], [-0.24092869460582733, -0.2571415305137634, 0.017455246299505234], [-0.24748967587947845, -0.2752365469932556, 0.018317099660634995]]","[[0.16767661273479462, 0.012407779693603516, -0.03625911474227905], [0.1475352942943573, 0.031070822849869728, -0.030157797038555145], [0.10708670318126678, 0.059665046632289886, -0.04325620457530022], [0.09062009304761887, 0.07738083600997925, -0.05859755724668503], [0.07640891522169113, 0.09494084119796753, -0.07558607310056686], [0.15681907534599304, 0.03511468321084976, -0.028900407254695892], [0.13865290582180023, 0.10022646933794022, -0.033571306616067886], [0.11440426111221313, 0.12288620322942734, -0.05874137580394745], [0.09542929381132126, 0.12141720950603485, -0.07301602512598038], [0.07827417552471161, 0.11455453932285309, -0.08431849628686905], [0.16136763989925385, 0.03551243245601654, -0.03854035213589668], [0.14842110872268677, 0.09547557681798935, -0.0545317605137825], [0.10749991238117218, 0.0942147970199585, -0.07786338031291962], [0.10888760536909103, 0.06736941635608673, -0.07061082124710083], [0.12608909606933594, 0.06179490312933922, -0.0585438534617424], [0.16465120017528534, 0.033378537744283676, -0.04902428761124611], [0.15429607033729553, 0.08804616332054138, -0.07327143102884293], [0.1162911057472229, 0.08046837896108627, -0.08656895160675049], [0.11708210408687592, 0.05591998249292374, -0.07879234850406647], [0.13651913404464722, 0.054566703736782074, -0.07078547775745392], [0.1689780056476593, 0.029161548241972923, -0.05922608822584152], [0.1605439931154251, 0.07445141673088074, -0.08719497919082642], [0.12981940805912018, 0.06691254675388336, -0.09680783003568649], [0.1273326426744461, 0.05042116716504097, -0.089315265417099], [0.14429858326911926, 0.04778017848730087, -0.08043739944696426]]"
