Head Pose,Left Arm Pose,Right Arm Pose,Left Hand (25x3),Right Hand (25x3)
"[[0.0, 0.0, 0.0, 0.0], [0.0, 0.0, 0.0, 0.0], [0.0, 0.0, 0.0, 0.0], [0.0, 0.0, 0.0, 0.0]]","[[0.0, 0.0, 0.0, 0.0], [0.0, 0.0, 0.0, 0.0], [0.0, 0.0, 0.0, 0.0], [0.0, 0.0, 0.0, 0.0]]","[[0.0, 0.0, 0.0, 0.0], [0.0, 0.0, 0.0, 0.0], [0.0, 0.0, 0.0, 0.0], [0.0, 0.0, 0.0, 0.0]]","[[0.0, 0.0, 0.0], [0.0, 0.0, 0.0], [0.0, 0.0, 0.0], [0.0, 0.0, 0.0], [0.0, 0.0, 0.0], [0.0, 0.0, 0.0], [0.0, 0.0, 0.0], [0.0, 0.0, 0.0], [0.0, 0.0, 0.0], [0.0, 0.0, 0.0], [0.0, 0.0, 0.0], [0.0, 0.0, 0.0], [0.0, 0.0, 0.0], [0.0, 0.0, 0.0], [0.0, 0.0, 0.0], [0.0, 0.0, 0.0], [0.0, 0.0, 0.0], [0.0, 0.0, 0.0], [0.0, 0.0, 0.0], [0.0, 0.0, 0.0], [0.0, 0.0, 0.0], [0.0, 0.0, 0.0], [0.0, 0.0, 0.0], [0.0, 0.0, 0.0], [0.0, 0.0, 0.0]]","[[0.0, 0.0, 0.0], [0.0, 0.0, 0.0], [0.0, 0.0, 0.0], [0.0, 0.0, 0.0], [0.0, 0.0, 0.0], [0.0, 0.0, 0.0], [0.0, 0.0, 0.0], [0.0, 0.0, 0.0], [0.0, 0.0, 0.0], [0.0, 0.0, 0.0], [0.0, 0.0, 0.0], [0.0, 0.0, 0.0], [0.0, 0.0, 0.0], [0.0, 0.0, 0.0], [0.0, 0.0, 0.0], [0.0, 0.0, 0.0], [0.0, 0.0, 0.0], [0.0, 0.0, 0.0], [0.0, 0.0, 0.0], [0.0, 0.0, 0.0], [0.0, 0.0, 0.0], [0.0, 0.0, 0.0], [0.0, 0.0, 0.0], [0.0, 0.0, 0.0], [0.0, 0.0, 0.0]]"
"[[0.847998304005088, 0.32982091628272336, -0.41486990682251124, -0.5000000000000001], [2.7755575615628914e-17, 0.7827749746443304, 0.6223048602337666, 0.7499999999999999], [0.5299989400031799, -0.5277134660523575, 0.663791850916018, 0.8000000000000002], [0.0, 0.0, 0.0, 1.0]]","[[0.0, 0.0, 0.0, 0.0], [0.0, 0.0, 0.0, 0.0], [0.0, 0.0, 0.0, 0.0], [0.0, 0.0, 0.0, 0.0]]","[[0.0, 0.0, 0.0, 0.0], [0.0, 0.0, 0.0, 0.0], [0.0, 0.0, 0.0, 0.0], [0.0, 0.0, 0.0, 0.0]]","[[0.0, 0.0, 0.0], [0.0, 0.0, 0.0], [0.0, 0.0, 0.0], [0.0, 0.0, 0.0], [0.0, 0.0, 0.0], [0.0, 0.0, 0.0], [0.0, 0.0, 0.0], [0.0, 0.0, 0.0], [0.0, 0.0, 0.0], [0.0, 0.0, 0.0], [0.0, 0.0, 0.0], [0.0, 0.0, 0.0], [0.0, 0.0, 0.0], [0.0, 0.0, 0.0], [0.0, 0.0, 0.0], [0.0, 0.0, 0.0], [0.0, 0.0, 0.0], [0.0, 0.0, 0.0], [0.0, 0.0, 0.0], [0.0, 0.0, 0.0], [0.0, 0.0, 0.0], [0.0, 0.0, 0.0], [0.0, 0.0, 0.0], [0.0, 0.0, 0.0], [0.0, 0.0, 0.0]]","[[0.0, 0.0, 0.0], [0.0, 0.0, 0.0], [0.0, 0.0, 0.0], [0.0, 0.0, 0.0], [0.0, 0.0, 0.0], [0.0, 0.0, 0.0], [0.0, 0.0, 0.0], [0.0, 0.0, 0.0], [0.0, 0.0, 0.0], [0.0, 0.0, 0.0], [0.0, 0.0, 0.0], [0.0, 0.0, 0.0], [0.0, 0.0, 0.0], [0.0, 0.0, 0.0], [0.0, 0.0, 0.0], [0.0, 0.0, 0.0], [0.0, 0.0, 0.0], [0.0, 0.0, 0.0], [0.0, 0.0, 0.0], [0.0, 0.0, 0.0], [0.0, 0.0, 0.0], [0.0, 0.0, 0.0], [0.0, 0.0, 0.0], [0.0, 0.0, 0.0], [0.0, 0.0, 0.0]]"
"[[0.847998304005088, 0.32982091628272336, -0.4148699068225112, -0.5000000000000001], [0.0, 0.7827749746443304, 0.6223048602337666, 0.7499999999999999], [0.5299989400031799, -0.5277134660523575, 0.663791850916018, 0.8000000000000002], [0.0, 0.0, 0.0, 1.0]]","[[0.0, 0.0, 0.0, 0.0], [0.0, 0.0, 0.0, 0.0], [0.0, 0.0, 0.0, 0.0], [0.0, 0.0, 0.0, 0.0]]","[[0.0, 0.0, 0.0, 0.0], [0.0, 0.0, 0.0, 0.0], [0.0, 0.0, 0.0, 0.0], [0.0, 0.0, 0.0, 0.0]]","[[0.0, 0.0, 0.0], [0.0, 0.0, 0.0], [0.0, 0.0, 0.0], [0.0, 0.0, 0.0], [0.0, 0.0, 0.0], [0.0, 0.0, 0.0], [0.0, 0.0, 0.0], [0.0, 0.0, 0.0], [0.0, 0.0, 0.0], [0.0, 0.0, 0.0], [0.0, 0.0, 0.0], [0.0, 0.0, 0.0], [0.0, 0.0, 0.0], [0.0, 0.0, 0.0], [0.0, 0.0, 0.0], [0.0, 0.0, 0.0], [0.0, 0.0, 0.0], [0.0, 0.0, 0.0], [0.0, 0.0, 0.0], [0.0, 0.0, 0.0], [0.0, 0.0, 0.0], [0.0, 0.0, 0.0], [0.0, 0.0, 0.0], [0.0, 0.0, 0.0], [0.0, 0.0, 0.0]]","[[0.0, 0.0, 0.0], [0.0, 0.0, 0.0], [0.0, 0.0, 0.0], [0.0, 0.0, 0.0], [0.0, 0.0, 0.0], [0.0, 0.0, 0.0], [0.0, 0.0, 0.0], [0.0, 0.0, 0.0], [0.0, 0.0, 0.0], [0.0, 0.0, 0.0], [0.0, 0.0, 0.0], [0.0, 0.0, 0.0], [0.0, 0.0, 0.0], [0.0, 0.0, 0.0], [0.0, 0.0, 0.0], [0.0, 0.0, 0.0], [0.0, 0.0, 0.0], [0.0, 0.0, 0.0], [0.0, 0.0, 0.0], [0.0, 0.0, 0.0], [0.0, 0.0, 0.0], [0.0, 0.0, 0.0], [0.0, 0.0, 0.0], [0.0, 0.0, 0.0], [0.0, 0.0, 0.0]]"
"[[1.0, 0.0, 0.0, 0.0], [0.0, 1.0, 0.0, 0.0], [0.0, 0.0, 1.0, 0.0], [0.0, 0.0, 0.0, 1.0]]","[[0.0, 0.0, 0.0, 0.0], [0.0, 0.0, 0.0, 0.0], [0.0, 0.0, 0.0, 0.0], [0.0, 0.0, 0.0, 0.0]]","[[0.0, 0.0, 0.0, 0.0], [0.0, 0.0, 0.0, 0.0], [0.0, 0.0, 0.0, 0.0], [0.0, 0.0, 0.0, 0.0]]","[[0.0, 0.0, 0.0], [0.0, 0.0, 0.0], [0.0, 0.0, 0.0], [0.0, 0.0, 0.0], [0.0, 0.0, 0.0], [0.0, 0.0, 0.0], [0.0, 0.0, 0.0], [0.0, 0.0, 0.0], [0.0, 0.0, 0.0], [0.0, 0.0, 0.0], [0.0, 0.0, 0.0], [0.0, 0.0, 0.0], [0.0, 0.0, 0.0], [0.0, 0.0, 0.0], [0.0, 0.0, 0.0], [0.0, 0.0, 0.0], [0.0, 0.0, 0.0], [0.0, 0.0, 0.0], [0.0, 0.0, 0.0], [0.0, 0.0, 0.0], [0.0, 0.0, 0.0], [0.0, 0.0, 0.0], [0.0, 0.0, 0.0], [0.0, 0.0, 0.0], [0.0, 0.0, 0.0]]","[[0.0, 0.0, 0.0], [0.0, 0.0, 0.0], [0.0, 0.0, 0.0], [0.0, 0.0, 0.0], [0.0, 0.0, 0.0], [0.0, 0.0, 0.0], [0.0, 0.0, 0.0], [0.0, 0.0, 0.0], [0.0, 0.0, 0.0], [0.0, 0.0, 0.0], [0.0, 0.0, 0.0], [0.0, 0.0, 0.0], [0.0, 0.0, 0.0], [0.0, 0.0, 0.0], [0.0, 0.0, 0.0], [0.0, 0.0, 0.0], [0.0, 0.0, 0.0], [0.0, 0.0, 0.0], [0.0, 0.0, 0.0], [0.0, 0.0, 0.0], [0.0, 0.0, 0.0], [0.0, 0.0, 0.0], [0.0, 0.0, 0.0], [0.0, 0.0, 0.0], [0.0, 0.0, 0.0]]"
"[[0.9998008608555865, 0.019948777360627137, 0.0005828630730453892, -0.0008680868290258912], [-0.019927234770944702, 0.9994714856684872, -0.02568290675962486, 1.0487757287762243], [-0.0010948976649027317, 0.02566617620205369, 0.999669969054392, -0.018027668202070357], [0.0, 0.0, 0.0, 1.0]]","[[0.0, 0.0, 0.0, 0.0], [0.0, 0.0, 0.0, 0.0], [0.0, 0.0, 0.0, 0.0], [0.0, 0.0, 0.0, 0.0]]","[[0.0, 0.0, 0.0, 0.0], [0.0, 0.0, 0.0, 0.0], [0.0, 0.0, 0.0, 0.0], [0.0, 0.0, 0.0, 0.0]]","[[0.0, 0.0, 0.0], [0.0, 0.0, 0.0], [0.0, 0.0, 0.0], [0.0, 0.0, 0.0], [0.0, 0.0, 0.0], [0.0, 0.0, 0.0], [0.0, 0.0, 0.0], [0.0, 0.0, 0.0], [0.0, 0.0, 0.0], [0.0, 0.0, 0.0], [0.0, 0.0, 0.0], [0.0, 0.0, 0.0], [0.0, 0.0, 0.0], [0.0, 0.0, 0.0], [0.0, 0.0, 0.0], [0.0, 0.0, 0.0], [0.0, 0.0, 0.0], [0.0, 0.0, 0.0], [0.0, 0.0, 0.0], [0.0, 0.0, 0.0], [0.0, 0.0, 0.0], [0.0, 0.0, 0.0], [0.0, 0.0, 0.0], [0.0, 0.0, 0.0], [0.0, 0.0, 0.0]]","[[0.0, 0.0, 0.0], [0.0, 0.0, 0.0], [0.0, 0.0, 0.0], [0.0, 0.0, 0.0], [0.0, 0.0, 0.0], [0.0, 0.0, 0.0], [0.0, 0.0, 0.0], [0.0, 0.0, 0.0], [0.0, 0.0, 0.0], [0.0, 0.0, 0.0], [0.0, 0.0, 0.0], [0.0, 0.0, 0.0], [0.0, 0.0, 0.0], [0.0, 0.0, 0.0], [0.0, 0.0, 0.0], [0.0, 0.0, 0.0], [0.0, 0.0, 0.0], [0.0, 0.0, 0.0], [0.0, 0.0, 0.0], [0.0, 0.0, 0.0], [0.0, 0.0, 0.0], [0.0, 0.0, 0.0], [0.0, 0.0, 0.0], [0.0, 0.0, 0.0], [0.0, 0.0, 0.0]]"
"[[0.9998099803955507, 0.019485324778650243, 0.0005877048512265517, -0.0009453216643986869], [-0.01946367121389107, 0.9994773864732949, -0.025809852474386847, 1.0487838419306097], [-0.0010903110691070123, 0.025793509489838915, 0.9996666908246444, -0.018204150059056876], [0.0, 0.0, 0.0, 1.0]]","[[0.0, 0.0, 0.0, 0.0], [0.0, 0.0, 0.0, 0.0], [0.0, 0.0, 0.0, 0.0], [0.0, 0.0, 0.0, 0.0]]","[[0.0, 0.0, 0.0, 0.0], [0.0, 0.0, 0.0, 0.0], [0.0, 0.0, 0.0, 0.0], [0.0, 0.0, 0.0, 0.0]]","[[0.0, 0.0, 0.0], [0.0, 0.0, 0.0], [0.0, 0.0, 0.0], [0.0, 0.0, 0.0], [0.0, 0.0, 0.0], [0.0, 0.0, 0.0], [0.0, 0.0, 0.0], [0.0, 0.0, 0.0], [0.0, 0.0, 0.0], [0.0, 0.0, 0.0], [0.0, 0.0, 0.0], [0.0, 0.0, 0.0], [0.0, 0.0, 0.0], [0.0, 0.0, 0.0], [0.0, 0.0, 0.0], [0.0, 0.0, 0.0], [0.0, 0.0, 0.0], [0.0, 0.0, 0.0], [0.0, 0.0, 0.0], [0.0, 0.0, 0.0], [0.0, 0.0, 0.0], [0.0, 0.0, 0.0], [0.0, 0.0, 0.0], [0.0, 0.0, 0.0], [0.0, 0.0, 0.0]]","[[0.0, 0.0, 0.0], [0.0, 0.0, 0.0], [0.0, 0.0, 0.0], [0.0, 0.0, 0.0], [0.0, 0.0, 0.0], [0.0, 0.0, 0.0], [0.0, 0.0, 0.0], [0.0, 0.0, 0.0], [0.0, 0.0, 0.0], [0.0, 0.0, 0.0], [0.0, 0.0, 0.0], [0.0, 0.0, 0.0], [0.0, 0.0, 0.0], [0.0, 0.0, 0.0], [0.0, 0.0, 0.0], [0.0, 0.0, 0.0], [0.0, 0.0, 0.0], [0.0, 0.0, 0.0], [0.0, 0.0, 0.0], [0.0, 0.0, 0.0], [0.0, 0.0, 0.0], [0.0, 0.0, 0.0], [0.0, 0.0, 0.0], [0.0, 0.0, 0.0], [0.0, 0.0, 0.0]]"
"[[0.9998099803955507, 0.019485324778650243, 0.0005877048512265517, -0.0009453216643986869], [-0.01946367121389107, 0.9994773864732949, -0.025809852474386847, 1.0487838419306097], [-0.0010903110691070123, 0.025793509489838915, 0.9996666908246444, -0.018204150059056876], [0.0, 0.0, 0.0, 1.0]]","[[0.9282883405685425, 0.17653116583824158, -0.32728809118270874, -0.147356778383255], [0.1752813458442688, 0.568506121635437, 0.8037892580032349, 0.7012604475021362], [0.3279591500759125, -0.8035157322883606, 0.49679499864578247, -0.20094797015190125], [0.0, 0.0, 0.0, 1.0]]","[[0.6533863544464111, 0.7359996438026428, 0.17717431485652924, 0.21619053184986115], [0.09974975883960724, 0.14829716086387634, -0.9838992357254028, 0.877975344657898], [-0.7504239678382874, 0.6605393886566162, 0.023479586467146873, -0.17444567382335663], [0.0, 0.0, 0.0, 1.0]]","[[-0.147356778383255, 0.7012604475021362, -0.20094797015190125], [-0.1261470764875412, 0.6804019808769226, -0.1978880912065506], [-0.10034419596195221, 0.6365271210670471, -0.1930079311132431], [-0.09610757976770401, 0.6050798892974854, -0.1960984319448471], [-0.08648671209812164, 0.5776323080062866, -0.19637638330459595], [-0.12579773366451263, 0.6847196817398071, -0.20765747129917145], [-0.09118005633354187, 0.6271367073059082, -0.23643049597740173], [-0.07946818321943283, 0.5873990654945374, -0.25137436389923096], [-0.07817236334085464, 0.5659966468811035, -0.2557518482208252], [-0.07548907399177551, 0.5439074039459229, -0.255246639251709], [-0.13596424460411072, 0.6816773414611816, -0.2122601419687271], [-0.11281181871891022, 0.6262683868408203, -0.24656590819358826], [-0.10328875482082367, 0.5840877294540405, -0.2700735032558441], [-0.09914165735244751, 0.5565445423126221, -0.28073200583457947], [-0.0958976298570633, 0.5352627038955688, -0.29008230566978455], [-0.14699216187000275, 0.6791325807571411, -0.2149648666381836], [-0.13361287117004395, 0.6254725456237793, -0.2522079348564148], [-0.1325812041759491, 0.5856003761291504, -0.2655471861362457], [-0.13494767248630524, 0.5582378506660461, -0.26247531175613403], [-0.13718457520008087, 0.5367130637168884, -0.258769154548645], [-0.1599988490343094, 0.6770362854003906, -0.21775862574577332], [-0.15318013727664948, 0.6303890347480774, -0.2509387135505676], [-0.1551920771598816, 0.5983672738075256, -0.2615687847137451], [-0.15798379480838776, 0.5800814628601074, -0.2583005726337433], [-0.16104532778263092, 0.5604925155639648, -0.25474607944488525]]","[[0.21619053184986115, 0.877975344657898, -0.17444567382335663], [0.19393040239810944, 0.8952288031578064, -0.1687227040529251], [0.1554274559020996, 0.9283708930015564, -0.18428359925746918], [0.14165958762168884, 0.9526544809341431, -0.19848690927028656], [0.1303943693637848, 0.9749810099601746, -0.21214455366134644], [0.20244508981704712, 0.8982353210449219, -0.16351857781410217], [0.18297113478183746, 0.965143084526062, -0.15694600343704224], [0.1616261899471283, 0.9924067854881287, -0.18336549401283264], [0.1468796283006668, 0.9937187433242798, -0.20265305042266846], [0.13399897515773773, 0.9901649355888367, -0.21994593739509583], [0.20940274000167847, 0.90113365650177, -0.17211735248565674], [0.1979173868894577, 0.9664694666862488, -0.17374326288700104], [0.16293466091156006, 0.974478006362915, -0.20648905634880066], [0.16449908912181854, 0.9461793303489685, -0.20752784609794617], [0.17922094464302063, 0.9378610849380493, -0.1931338906288147], [0.21573606133460999, 0.9023168087005615, -0.18166515231132507], [0.20975564420223236, 0.9658189415931702, -0.1899210810661316], [0.17743875086307526, 0.9655849933624268, -0.21603557467460632], [0.17751440405845642, 0.9395244717597961, -0.21701233088970184], [0.1941184401512146, 0.9347905516624451, -0.20417802035808563], [0.223350390791893, 0.9027430415153503, -0.19250890612602234], [0.2206708937883377, 0.9567713141441345, -0.2043001800775528], [0.19418340921401978, 0.9551138281822205, -0.22495760023593903], [0.19109787046909332, 0.937037467956543, -0.22434461116790771], [0.20543521642684937, 0.9313854575157166, -0.21203714609146118]]"
"[[0.9998019337582342, 0.01987541989583112, 0.0010394271229486496, -0.0011116435504869384], [-0.019843284402307496, 0.999491274348448, -0.02496963304418093, 1.0485508658539737], [-0.001535180257717189, 0.024944062037887526, 0.9996876716769748, -0.018492201259320665], [0.0, 0.0, 0.0, 1.0]]","[[0.8871954083442688, 0.19333651661872864, -0.41893354058265686, -0.1542261391878128], [0.2430490404367447, 0.5759522318840027, 0.7805165648460388, 0.6987727880477905], [0.39218807220458984, -0.7942920923233032, 0.4639919400215149, -0.2039840817451477], [0.0, 0.0, 0.0, 1.0]]","[[0.6459149122238159, 0.7423641085624695, 0.1780148148536682, 0.2164626568555832], [0.09785287827253342, 0.15075047314167023, -0.9837167859077454, 0.8783639073371887], [-0.7571119666099548, 0.6528165340423584, 0.02472958341240883, -0.17389321327209473], [0.0, 0.0, 0.0, 1.0]]","[[-0.1542261391878128, 0.6987727880477905, -0.2039840817451477], [-0.13202574849128723, 0.6795400381088257, -0.1992410570383072], [-0.10416920483112335, 0.6379404067993164, -0.19136548042297363], [-0.09759992361068726, 0.606854259967804, -0.19364406168460846], [-0.08618278801441193, 0.580146074295044, -0.19272924959659576], [-0.13130012154579163, 0.6838176250457764, -0.20898333191871643], [-0.09071453660726547, 0.6289880871772766, -0.234190434217453], [-0.0758301317691803, 0.5895705223083496, -0.2470405101776123], [-0.07308356463909149, 0.5684411525726318, -0.2503681182861328], [-0.06921377032995224, 0.5465670228004456, -0.24905934929847717], [-0.14082182943820953, 0.680047869682312, -0.21425260603427887], [-0.11117478460073471, 0.6266015768051147, -0.24612058699131012], [-0.09687439352273941, 0.5851137042045593, -0.26794731616973877], [-0.0900711864233017, 0.5576006770133972, -0.2770405113697052], [-0.08471192419528961, 0.536199152469635, -0.28499943017959595], [-0.15136262774467468, 0.6767188906669617, -0.21769967675209045], [-0.13136188685894012, 0.6241199970245361, -0.2536064088344574], [-0.1254112422466278, 0.5855088233947754, -0.2690940201282501], [-0.12358161062002182, 0.557991087436676, -0.2721222937107086], [-0.12217733263969421, 0.5360351800918579, -0.2743241488933563], [-0.16389375925064087, 0.6736953258514404, -0.2213805615901947], [-0.15153643488883972, 0.6278862953186035, -0.2539854049682617], [-0.14893735945224762, 0.596573531627655, -0.26649609208106995], [-0.14909760653972626, 0.5776732563972473, -0.26706206798553467], [-0.14930208027362823, 0.5575178861618042, -0.26790380477905273]]","[[0.2164626568555832, 0.8783639073371887, -0.17389321327209473], [0.1942988634109497, 0.8955841660499573, -0.16802112758159637], [0.1558440625667572, 0.9286083579063416, -0.18349547684192657], [0.14195749163627625, 0.9527945518493652, -0.19770951569080353], [0.13076132535934448, 0.9750701785087585, -0.21149694919586182], [0.20283375680446625, 0.898614227771759, -0.16290923953056335], [0.1834605634212494, 0.9654530882835388, -0.1564505398273468], [0.16218382120132446, 0.9926403164863586, -0.18293803930282593], [0.14746692776679993, 0.993866503238678, -0.20228074491024017], [0.13457128405570984, 0.9901641011238098, -0.21958798170089722], [0.20969165861606598, 0.9014930725097656, -0.17156967520713806], [0.19825273752212524, 0.9667302966117859, -0.17326593399047852], [0.16314181685447693, 0.974664032459259, -0.20589512586593628], [0.16481134295463562, 0.9463416934013367, -0.2067609578371048], [0.17966929078102112, 0.9384552240371704, -0.1922450214624405], [0.21592634916305542, 0.9026504755020142, -0.18117626011371613], [0.20982909202575684, 0.9661052823066711, -0.18955585360527039], [0.17737479507923126, 0.9657258987426758, -0.21551744639873505], [0.17779961228370667, 0.9396253228187561, -0.21618026494979858], [0.1945691704750061, 0.9356034994125366, -0.20333214104175568], [0.22343744337558746, 0.9030427932739258, -0.19210106134414673], [0.22059029340744019, 0.9569892883300781, -0.2040446698665619], [0.1940002292394638, 0.9551817178726196, -0.22460301220417023], [0.19122035801410675, 0.9370439648628235, -0.22368888556957245], [0.20578791201114655, 0.9320011138916016, -0.2114088386297226]]"
"[[0.9998030662529116, 0.019835680686376603, 0.0006442307308775869, -0.0011229302928297607], [-0.019813962317563983, 0.9995036721295656, -0.02449007170074253, 1.0485099067226744], [-0.001129688247992328, 0.02447248226232265, 0.9996998906076855, -0.018834559168365787], [0.0, 0.0, 0.0, 1.0]]","[[0.88455730676651, 0.20326784253120422, -0.419810026884079, -0.15414223074913025], [0.23745635151863098, 0.5784343481063843, 0.7804024815559387, 0.6986191868782043], [0.40146327018737793, -0.7899972796440125, 0.46339112520217896, -0.20387578010559082], [0.0, 0.0, 0.0, 1.0]]","[[0.6485879421234131, 0.740257740020752, 0.17706511914730072, 0.215682253241539], [0.09977933019399643, 0.14793209731578827, -0.983951210975647, 0.8782888054847717], [-0.7545711994171143, 0.6558462381362915, 0.022084582597017288, -0.1741301268339157], [0.0, 0.0, 0.0, 1.0]]","[[-0.15414223074913025, 0.6986191868782043, -0.20387578010559082], [-0.13205233216285706, 0.6792529821395874, -0.19899986684322357], [-0.10442411154508591, 0.6373803019523621, -0.19099341332912445], [-0.09774167835712433, 0.6062446236610413, -0.19323350489139557], [-0.08632201701402664, 0.5794131755828857, -0.19227471947669983], [-0.13121874630451202, 0.6835708618164062, -0.208724245429039], [-0.09064993262290955, 0.6286715865135193, -0.23377783596515656], [-0.07604712247848511, 0.5891596078872681, -0.24678945541381836], [-0.07351589947938919, 0.5679435729980469, -0.2502344846725464], [-0.06985396891832352, 0.5459665060043335, -0.24903568625450134], [-0.14071626961231232, 0.6798620223999023, -0.21410268545150757], [-0.1109808161854744, 0.6264030933380127, -0.2459791749715805], [-0.09667164087295532, 0.5849550366401672, -0.26781708002090454], [-0.08989516645669937, 0.5573982000350952, -0.2769666314125061], [-0.08454328030347824, 0.5359442830085754, -0.2849779725074768], [-0.15124815702438354, 0.6765913963317871, -0.217665433883667], [-0.13113875687122345, 0.6240172386169434, -0.25362318754196167], [-0.12509757280349731, 0.5854964256286621, -0.26946842670440674], [-0.12320389598608017, 0.5579471588134766, -0.2729411721229553], [-0.12172603607177734, 0.5359671711921692, -0.2755753695964813], [-0.16376815736293793, 0.673636257648468, -0.22147926688194275], [-0.15130318701267242, 0.6278619170188904, -0.254185289144516], [-0.14833851158618927, 0.596895694732666, -0.2676106095314026], [-0.14826397597789764, 0.5779677629470825, -0.26903465390205383], [-0.14819326996803284, 0.5578286647796631, -0.2708764672279358]]","[[0.215682253241539, 0.8782888054847717, -0.1741301268339157], [0.1935422569513321, 0.895488977432251, -0.16827765107154846], [0.15527266263961792, 0.9285109639167786, -0.18392224609851837], [0.14142286777496338, 0.9526373147964478, -0.1983054280281067], [0.13083110749721527, 0.9749231338500977, -0.21256539225578308], [0.20197290182113647, 0.898552417755127, -0.16303429007530212], [0.18262526392936707, 0.9653571844100952, -0.15639659762382507], [0.1615929901599884, 0.992522120475769, -0.18308499455451965], [0.14699465036392212, 0.9937576055526733, -0.20258793234825134], [0.13415324687957764, 0.9900882244110107, -0.21996718645095825], [0.20888349413871765, 0.9014299511909485, -0.17169444262981415], [0.19745205342769623, 0.9666450619697571, -0.17313656210899353], [0.16276806592941284, 0.9746192097663879, -0.20627622306346893], [0.16452337801456451, 0.9462878108024597, -0.2071126103401184], [0.1792195439338684, 0.9381464123725891, -0.19253507256507874], [0.21519197523593903, 0.902580201625824, -0.1813293695449829], [0.20913563668727875, 0.9660643339157104, -0.18944716453552246], [0.1769365668296814, 0.9657115340232849, -0.21579113602638245], [0.17749512195587158, 0.9395893812179565, -0.21642959117889404], [0.19421474635601044, 0.9356076121330261, -0.20347189903259277], [0.22278420627117157, 0.9029677510261536, -0.19228607416152954], [0.22001974284648895, 0.9569476842880249, -0.20404772460460663], [0.19358931481838226, 0.9551755785942078, -0.22486335039138794], [0.19090980291366577, 0.9370062351226807, -0.22392484545707703], [0.2055160105228424, 0.9322710037231445, -0.21155308187007904]]"
"[[0.9998030662529116, 0.019835680686376603, 0.0006442307308775869, -0.0011229302928297607], [-0.019813962317563983, 0.9995036721295656, -0.02449007170074253, 1.0485099067226744], [-0.001129688247992328, 0.02447248226232265, 0.9996998906076855, -0.018834559168365787], [0.0, 0.0, 0.0, 1.0]]","[[0.8843615651130676, 0.20296244323253632, -0.420369952917099, -0.15413475036621094], [0.23775242269039154, 0.5791342258453369, 0.7797931432723999, 0.6987850666046143], [0.4017193615436554, -0.7895630598068237, 0.46390920877456665, -0.20381172001361847], [0.0, 0.0, 0.0, 1.0]]","[[0.6494351625442505, 0.7395904660224915, 0.17674827575683594, 0.21540546417236328], [0.09978774935007095, 0.14753611385822296, -0.9840099811553955, 0.8785713911056519], [-0.7538411021232605, 0.6566880345344543, 0.02201305329799652, -0.1739664077758789], [0.0, 0.0, 0.0, 1.0]]","[[-0.15413475036621094, 0.6987850666046143, -0.20381172001361847], [-0.13203495740890503, 0.6794309616088867, -0.1989470273256302], [-0.10438252240419388, 0.6375734806060791, -0.1909688115119934], [-0.0976792424917221, 0.606442391872406, -0.19323045015335083], [-0.08624174445867538, 0.5796130895614624, -0.1922902762889862], [-0.13120339810848236, 0.6837558150291443, -0.20866750180721283], [-0.09060263633728027, 0.6289063096046448, -0.23375195264816284], [-0.07597409188747406, 0.589415431022644, -0.24678900837898254], [-0.07342686504125595, 0.5682032704353333, -0.2502506673336029], [-0.06974980235099792, 0.5462241768836975, -0.24906696379184723], [-0.14069704711437225, 0.6800448298454285, -0.2140493541955948], [-0.11092701554298401, 0.6266308426856995, -0.24595753848552704], [-0.09659627079963684, 0.5852059721946716, -0.26779812574386597], [-0.08980415761470795, 0.5576540231704712, -0.27695393562316895], [-0.08443937450647354, 0.5362023115158081, -0.2849709689617157], [-0.15122538805007935, 0.6767702698707581, -0.21761545538902283], [-0.1310751587152481, 0.6242234110832214, -0.2536146640777588], [-0.12500788271427155, 0.585719645023346, -0.26948556303977966], [-0.12309582531452179, 0.5581681728363037, -0.2729778587818146], [-0.12160305678844452, 0.5361857414245605, -0.27562814950942993], [-0.16374200582504272, 0.6738100051879883, -0.22143249213695526], [-0.15124428272247314, 0.6280643939971924, -0.254170298576355], [-0.14831264317035675, 0.5970211029052734, -0.2674199640750885], [-0.1482618749141693, 0.5780814290046692, -0.2687373757362366], [-0.14821253716945648, 0.5579325556755066, -0.27047961950302124]]","[[0.21540546417236328, 0.8785713911056519, -0.1739664077758789], [0.19327469170093536, 0.895768404006958, -0.16813577711582184], [0.15504956245422363, 0.9287898540496826, -0.18380755186080933], [0.1412266492843628, 0.9529143571853638, -0.19819305837154388], [0.13075131177902222, 0.9752102494239807, -0.21250292658805847], [0.20169326663017273, 0.8988291621208191, -0.16287924349308014], [0.1823607236146927, 0.9656103849411011, -0.15623696148395538], [0.16134977340698242, 0.992703378200531, -0.1829942911863327], [0.14678126573562622, 0.9938990473747253, -0.20251454412937164], [0.13397455215454102, 0.990195631980896, -0.2199023962020874], [0.20861221849918365, 0.9017043113708496, -0.17152968049049377], [0.19720138609409332, 0.9668934345245361, -0.17295736074447632], [0.1625739485025406, 0.9748818874359131, -0.2061341106891632], [0.164320707321167, 0.9465566277503967, -0.20697569847106934], [0.1789507120847702, 0.9382027387619019, -0.19245973229408264], [0.21493016183376312, 0.90285325050354, -0.18115578591823578], [0.20890089869499207, 0.966326117515564, -0.1892569661140442], [0.17674313485622406, 0.9659900665283203, -0.21563181281089783], [0.17729368805885315, 0.9398720860481262, -0.21627621352672577], [0.19396749138832092, 0.9356774687767029, -0.2033359855413437], [0.22253170609474182, 0.9032405018806458, -0.1921009123325348], [0.21979671716690063, 0.957203209400177, -0.20384550094604492], [0.1933940351009369, 0.9554460644721985, -0.22468450665473938], [0.190708190202713, 0.9372818470001221, -0.22375380992889404], [0.20526131987571716, 0.932420551776886, -0.2113794982433319]]"
"[[0.9998030662529116, 0.019835680686376603, 0.0006442307308775869, -0.0011229302928297607], [-0.019813962317563983, 0.9995036721295656, -0.02449007170074253, 1.0485099067226744], [-0.001129688247992328, 0.02447248226232265, 0.9996998906076855, -0.018834559168365787], [0.0, 0.0, 0.0, 1.0]]","[[0.8843065500259399, 0.20599685609340668, -0.419007271528244, -0.1539008766412735], [0.23482033610343933, 0.5794400572776794, 0.7804539203643799, 0.6980476975440979], [0.40356066823005676, -0.7885519862174988, 0.4640304148197174, -0.2042241096496582], [0.0, 0.0, 0.0, 1.0]]","[[0.6530793905258179, 0.7366549968719482, 0.1755746752023697, 0.2159421294927597], [0.09805107861757278, 0.1476406455039978, -0.984168529510498, 0.8782221674919128], [-0.7509148120880127, 0.6599553823471069, 0.024191327393054962, -0.17424450814723969], [0.0, 0.0, 0.0, 1.0]]","[[-0.1539008766412735, 0.6980476975440979, -0.2042241096496582], [-0.13185854256153107, 0.6786237359046936, -0.19933976233005524], [-0.10433655977249146, 0.636655867099762, -0.19135107100009918], [-0.09771404415369034, 0.6054996848106384, -0.19363629817962646], [-0.08639734238386154, 0.5786062479019165, -0.19273409247398376], [-0.13099774718284607, 0.6829574108123779, -0.20905515551567078], [-0.09050127118825912, 0.6280204057693481, -0.23412752151489258], [-0.07595288753509521, 0.5884860157966614, -0.2471878081560135], [-0.07346843928098679, 0.5672508478164673, -0.2506667971611023], [-0.06985264271497726, 0.5452512502670288, -0.24949994683265686], [-0.14049430191516876, 0.6792783737182617, -0.21445892751216888], [-0.11081055551767349, 0.6258088946342468, -0.24637603759765625], [-0.09655236452817917, 0.5843455791473389, -0.2682339549064636], [-0.08981970697641373, 0.5567727088928223, -0.27740412950515747], [-0.08449935168027878, 0.5353038311004639, -0.28543296456336975], [-0.1510276198387146, 0.6760367155075073, -0.21804817020893097], [-0.13095995783805847, 0.6234761476516724, -0.25406548380851746], [-0.12497004866600037, 0.5849639177322388, -0.26997166872024536], [-0.12312664836645126, 0.5574021339416504, -0.27349165081977844], [-0.12169073522090912, 0.5354132652282715, -0.27616429328918457], [-0.16354802250862122, 0.6731151938438416, -0.2218915820121765], [-0.15111836791038513, 0.6273687481880188, -0.25465673208236694], [-0.14847344160079956, 0.5959851741790771, -0.2671404480934143], [-0.1486208438873291, 0.5770192742347717, -0.26799476146698], [-0.1487790048122406, 0.5568329095840454, -0.2692500948905945]]","[[0.2159421294927597, 0.8782221674919128, -0.17424450814723969], [0.1937941461801529, 0.8954578042030334, -0.16853800415992737], [0.1556699126958847, 0.9285100698471069, -0.1844494491815567], [0.14193686842918396, 0.9526383876800537, -0.1989416778087616], [0.13161218166351318, 0.974937915802002, -0.21337047219276428], [0.20218399167060852, 0.8985235095024109, -0.1632286012172699], [0.1828579604625702, 0.9653825759887695, -0.1567249745130539], [0.1619388610124588, 0.992308497428894, -0.18380463123321533], [0.1474718153476715, 0.9933767914772034, -0.20343518257141113], [0.13475912809371948, 0.9895593523979187, -0.22088639438152313], [0.20915386080741882, 0.9013766050338745, -0.1718599945306778], [0.19779832661151886, 0.9666005373001099, -0.1734011024236679], [0.16333910822868347, 0.9745814204216003, -0.20682239532470703], [0.16506147384643555, 0.9462388157844543, -0.2076214849948883], [0.17960509657859802, 0.9378209114074707, -0.1930409073829651], [0.21552571654319763, 0.9025025963783264, -0.18146850168704987], [0.20959334075450897, 0.9659944772720337, -0.18967193365097046], [0.1775559037923813, 0.9656561017036438, -0.21623949706554413], [0.17808331549167633, 0.9395231604576111, -0.21685002744197845], [0.1946864128112793, 0.9352369904518127, -0.2038290649652481], [0.22318574786186218, 0.9028643369674683, -0.19238746166229248], [0.22056087851524353, 0.9568313360214233, -0.2042156606912613], [0.19425319135189056, 0.9550739526748657, -0.22519826889038086], [0.19154314696788788, 0.9369065165519714, -0.22425779700279236], [0.20602640509605408, 0.9320051074028015, -0.2118011862039566]]"
"[[0.9998075962098127, 0.019610485222488584, -0.0003815212785099207, -0.0007730076061754773], [-0.019614113334268372, 0.9995579719491502, -0.022341752333275917, 1.0482351413425202], [-5.677996702217883e-05, 0.022344937639601586, 0.9997503161450785, -0.01887159158549667], [0.0, 0.0, 0.0, 1.0]]","[[0.8832309246063232, 0.20160937309265137, -0.42338722944259644, -0.15369483828544617], [0.23830851912498474, 0.5846166014671326, 0.7755206823348999, 0.6975196003913879], [0.40387144684791565, -0.7858606576919556, 0.46830621361732483, -0.20633670687675476], [0.0, 0.0, 0.0, 1.0]]","[[0.650357723236084, 0.7398825883865356, 0.17207151651382446, 0.21543444693088531], [0.09335453808307648, 0.1469554305076599, -0.9847279191017151, 0.8786025047302246], [-0.7538698315620422, 0.6564890742301941, 0.026502206921577454, -0.17574578523635864], [0.0, 0.0, 0.0, 1.0]]","[[-0.15369483828544617, 0.6975196003913879, -0.20633670687675476], [-0.13153095543384552, 0.6782036423683167, -0.20156314969062805], [-0.10374020040035248, 0.6363748908042908, -0.19381581246852875], [-0.0969281792640686, 0.6052700877189636, -0.19626054167747498], [-0.08544513583183289, 0.5784422159194946, -0.1955016851425171], [-0.1307065486907959, 0.6825900077819824, -0.2112591713666916], [-0.08989638835191727, 0.6280050873756409, -0.2366374135017395], [-0.0751151368021965, 0.5886094570159912, -0.2499079704284668], [-0.0727984830737114, 0.567309558391571, -0.2528637945652008], [-0.06934411823749542, 0.5452976822853088, -0.2512233555316925], [-0.14018510282039642, 0.6788786053657532, -0.21667450666427612], [-0.11020761728286743, 0.6257349252700806, -0.24887995421886444], [-0.09577305614948273, 0.5842761397361755, -0.27064892649650574], [-0.08894913643598557, 0.5566741228103638, -0.2796816825866699], [-0.08355557173490524, 0.5351772904396057, -0.28760403394699097], [-0.1507013887166977, 0.6755895018577576, -0.2202720046043396], [-0.1303379237651825, 0.6232870221138, -0.2565862834453583], [-0.12382598221302032, 0.5848829746246338, -0.27257782220840454], [-0.12162874639034271, 0.5573402643203735, -0.2761625647544861], [-0.11990581452846527, 0.5353670120239258, -0.27888768911361694], [-0.16320739686489105, 0.6726097464561462, -0.22412016987800598], [-0.15053129196166992, 0.6270864605903625, -0.25712457299232483], [-0.14719587564468384, 0.5960115194320679, -0.2702362537384033], [-0.14690686762332916, 0.577059268951416, -0.27157819271087646], [-0.14660589396953583, 0.5569071769714355, -0.2733452022075653]]","[[0.21543444693088531, 0.8786025047302246, -0.17574578523635864], [0.19338199496269226, 0.8959274291992188, -0.17000749707221985], [0.15533313155174255, 0.9290581345558167, -0.18586333096027374], [0.14161059260368347, 0.953100323677063, -0.2004702091217041], [0.13131175935268402, 0.975288987159729, -0.21504570543766022], [0.2017941027879715, 0.8989763259887695, -0.16472914814949036], [0.1827162802219391, 0.9658946990966797, -0.15830640494823456], [0.16180658340454102, 0.9927505254745483, -0.18547184765338898], [0.1472695916891098, 0.9937860369682312, -0.2050429731607437], [0.1344521939754486, 0.9899503588676453, -0.2223888337612152], [0.20873986184597015, 0.9017743468284607, -0.17339865863323212], [0.19760270416736603, 0.9669963717460632, -0.17506390810012817], [0.16382892429828644, 0.975131630897522, -0.20915699005126953], [0.16538098454475403, 0.946790337562561, -0.2097485214471817], [0.1798546463251114, 0.9394481182098389, -0.19450610876083374], [0.21507671475410461, 0.9028468728065491, -0.18303659558296204], [0.20933865010738373, 0.966301441192627, -0.19139526784420013], [0.1773553192615509, 0.9663899540901184, -0.21801674365997314], [0.17759741842746735, 0.9402574896812439, -0.21869441866874695], [0.1942061185836792, 0.9362169504165649, -0.20559552311897278], [0.22269034385681152, 0.9031486511230469, -0.1939840167760849], [0.22021321952342987, 0.9570553302764893, -0.205956369638443], [0.19380822777748108, 0.9553492665290833, -0.2267930954694748], [0.19103039801120758, 0.9372013211250305, -0.2257816195487976], [0.20556141436100006, 0.9323025941848755, -0.21338686347007751]]"
"[[0.9997936487200809, 0.020242474988234588, -0.0016871608003894095, -0.0005498387433227711], [-0.020273845627772263, 0.9995674490712386, -0.02130441826520837, 1.0481403119367365], [0.0012551768541415927, 0.021334228173509485, 0.9997715950225239, -0.01887939258769383], [0.0, 0.0, 0.0, 1.0]]","[[0.8816121220588684, 0.19810642302036285, -0.4283851981163025, -0.15382952988147736], [0.24173717200756073, 0.59002286195755, 0.7703479528427124, 0.6977490782737732], [0.405367910861969, -0.7827047109603882, 0.47228163480758667, -0.20738279819488525], [0.0, 0.0, 0.0, 1.0]]","[[0.6472955942153931, 0.7429612278938293, 0.17034363746643066, 0.21525658667087555], [0.08532998710870743, 0.15144355595111847, -0.9847758412361145, 0.8791084289550781], [-0.7574477791786194, 0.6519764065742493, 0.03463190793991089, -0.17760027945041656], [0.0, 0.0, 0.0, 1.0]]","[[-0.15382952988147736, 0.6977490782737732, -0.20738279819488525], [-0.13155274093151093, 0.6785417199134827, -0.2026950716972351], [-0.10349800437688828, 0.6368436217308044, -0.19516155123710632], [-0.09633567929267883, 0.6058232188224792, -0.1976815164089203], [-0.08507441729307175, 0.5789028406143188, -0.1972881406545639], [-0.13075391948223114, 0.6829829216003418, -0.2123689204454422], [-0.0896153450012207, 0.6287734508514404, -0.23800653219223022], [-0.07459527999162674, 0.5895313024520874, -0.2514634430408478], [-0.07253038138151169, 0.5681843757629395, -0.2537323832511902], [-0.06930673122406006, 0.5461863279342651, -0.2514999508857727], [-0.1402064710855484, 0.6792404055595398, -0.2178095430135727], [-0.10989993065595627, 0.6264373064041138, -0.2502805292606354], [-0.09529814124107361, 0.5849422216415405, -0.2718040943145752], [-0.08847678452730179, 0.5571773052215576, -0.28026705980300903], [-0.08308450132608414, 0.535541296005249, -0.2877308130264282], [-0.1506996899843216, 0.6759046912193298, -0.22143037617206573], [-0.13001427054405212, 0.6239078640937805, -0.25800254940986633], [-0.12296419590711594, 0.5856305360794067, -0.27407845854759216], [-0.1204131543636322, 0.5581382513046265, -0.27772870659828186], [-0.11840136349201202, 0.5362002849578857, -0.2805089056491852], [-0.16318480670452118, 0.6728672981262207, -0.22530066967010498], [-0.15022772550582886, 0.6275869011878967, -0.25853148102760315], [-0.14621691405773163, 0.596788763999939, -0.27211934328079224], [-0.1455150842666626, 0.5778768062591553, -0.2738364636898041], [-0.14478132128715515, 0.5577735900878906, -0.27599626779556274]]","[[0.21525658667087555, 0.8791084289550781, -0.17760027945041656], [0.19327613711357117, 0.8965135216712952, -0.17193074524402618], [0.15520557761192322, 0.9295954704284668, -0.1879000961780548], [0.1414310187101364, 0.9534510970115662, -0.20275695621967316], [0.13120214641094208, 0.9754104018211365, -0.21769696474075317], [0.2017323076725006, 0.8995742201805115, -0.1667202264070511], [0.18283411860466003, 0.9665528535842896, -0.16079843044281006], [0.162095308303833, 0.993247926235199, -0.18830958008766174], [0.14757736027240753, 0.994170069694519, -0.20790234208106995], [0.13485845923423767, 0.9901970624923706, -0.2253219485282898], [0.2086351066827774, 0.9022904634475708, -0.17543639242649078], [0.19763796031475067, 0.967485249042511, -0.17763078212738037], [0.16444742679595947, 0.9767158627510071, -0.2120683193206787], [0.16520288586616516, 0.9483703970909119, -0.21274282038211823], [0.17927902936935425, 0.9404104948043823, -0.19741523265838623], [0.21491564810276031, 0.9032779335975647, -0.18509933352470398], [0.20928031206130981, 0.9666279554367065, -0.19399625062942505], [0.17744353413581848, 0.9676352739334106, -0.22081740200519562], [0.1771109402179718, 0.9415268898010254, -0.22168119251728058], [0.19350259006023407, 0.9366877675056458, -0.20855431258678436], [0.22245940566062927, 0.9034836888313293, -0.19606460630893707], [0.22003984451293945, 0.9572607278823853, -0.2085011601448059], [0.19364571571350098, 0.9555680155754089, -0.22936470806598663], [0.19077648222446442, 0.9374518394470215, -0.22823792695999146], [0.20522195100784302, 0.9323968291282654, -0.2157939076423645]]"
