Head Pose,Left Arm Pose,Right Arm Pose,Left Hand (25x3),Right Hand (25x3)
"[[0.0, 0.0, 0.0, 0.0], [0.0, 0.0, 0.0, 0.0], [0.0, 0.0, 0.0, 0.0], [0.0, 0.0, 0.0, 0.0]]","[[0.0, 0.0, 0.0, 0.0], [0.0, 0.0, 0.0, 0.0], [0.0, 0.0, 0.0, 0.0], [0.0, 0.0, 0.0, 0.0]]","[[0.0, 0.0, 0.0, 0.0], [0.0, 0.0, 0.0, 0.0], [0.0, 0.0, 0.0, 0.0], [0.0, 0.0, 0.0, 0.0]]","[[0.0, 0.0, 0.0], [0.0, 0.0, 0.0], [0.0, 0.0, 0.0], [0.0, 0.0, 0.0], [0.0, 0.0, 0.0], [0.0, 0.0, 0.0], [0.0, 0.0, 0.0], [0.0, 0.0, 0.0], [0.0, 0.0, 0.0], [0.0, 0.0, 0.0], [0.0, 0.0, 0.0], [0.0, 0.0, 0.0], [0.0, 0.0, 0.0], [0.0, 0.0, 0.0], [0.0, 0.0, 0.0], [0.0, 0.0, 0.0], [0.0, 0.0, 0.0], [0.0, 0.0, 0.0], [0.0, 0.0, 0.0], [0.0, 0.0, 0.0], [0.0, 0.0, 0.0], [0.0, 0.0, 0.0], [0.0, 0.0, 0.0], [0.0, 0.0, 0.0], [0.0, 0.0, 0.0]]","[[0.0, 0.0, 0.0], [0.0, 0.0, 0.0], [0.0, 0.0, 0.0], [0.0, 0.0, 0.0], [0.0, 0.0, 0.0], [0.0, 0.0, 0.0], [0.0, 0.0, 0.0], [0.0, 0.0, 0.0], [0.0, 0.0, 0.0], [0.0, 0.0, 0.0], [0.0, 0.0, 0.0], [0.0, 0.0, 0.0], [0.0, 0.0, 0.0], [0.0, 0.0, 0.0], [0.0, 0.0, 0.0], [0.0, 0.0, 0.0], [0.0, 0.0, 0.0], [0.0, 0.0, 0.0], [0.0, 0.0, 0.0], [0.0, 0.0, 0.0], [0.0, 0.0, 0.0], [0.0, 0.0, 0.0], [0.0, 0.0, 0.0], [0.0, 0.0, 0.0], [0.0, 0.0, 0.0]]"
"[[0.847998304005088, 0.32982091628272336, -0.4148699068225112, -0.5000000000000001], [0.0, 0.7827749746443304, 0.6223048602337666, 0.7499999999999999], [0.5299989400031799, -0.5277134660523575, 0.663791850916018, 0.8000000000000002], [0.0, 0.0, 0.0, 1.0]]","[[0.0, 0.0, 0.0, 0.0], [0.0, 0.0, 0.0, 0.0], [0.0, 0.0, 0.0, 0.0], [0.0, 0.0, 0.0, 0.0]]","[[0.0, 0.0, 0.0, 0.0], [0.0, 0.0, 0.0, 0.0], [0.0, 0.0, 0.0, 0.0], [0.0, 0.0, 0.0, 0.0]]","[[0.0, 0.0, 0.0], [0.0, 0.0, 0.0], [0.0, 0.0, 0.0], [0.0, 0.0, 0.0], [0.0, 0.0, 0.0], [0.0, 0.0, 0.0], [0.0, 0.0, 0.0], [0.0, 0.0, 0.0], [0.0, 0.0, 0.0], [0.0, 0.0, 0.0], [0.0, 0.0, 0.0], [0.0, 0.0, 0.0], [0.0, 0.0, 0.0], [0.0, 0.0, 0.0], [0.0, 0.0, 0.0], [0.0, 0.0, 0.0], [0.0, 0.0, 0.0], [0.0, 0.0, 0.0], [0.0, 0.0, 0.0], [0.0, 0.0, 0.0], [0.0, 0.0, 0.0], [0.0, 0.0, 0.0], [0.0, 0.0, 0.0], [0.0, 0.0, 0.0], [0.0, 0.0, 0.0]]","[[0.0, 0.0, 0.0], [0.0, 0.0, 0.0], [0.0, 0.0, 0.0], [0.0, 0.0, 0.0], [0.0, 0.0, 0.0], [0.0, 0.0, 0.0], [0.0, 0.0, 0.0], [0.0, 0.0, 0.0], [0.0, 0.0, 0.0], [0.0, 0.0, 0.0], [0.0, 0.0, 0.0], [0.0, 0.0, 0.0], [0.0, 0.0, 0.0], [0.0, 0.0, 0.0], [0.0, 0.0, 0.0], [0.0, 0.0, 0.0], [0.0, 0.0, 0.0], [0.0, 0.0, 0.0], [0.0, 0.0, 0.0], [0.0, 0.0, 0.0], [0.0, 0.0, 0.0], [0.0, 0.0, 0.0], [0.0, 0.0, 0.0], [0.0, 0.0, 0.0], [0.0, 0.0, 0.0]]"
"[[1.0, 0.0, 0.0, 0.0], [0.0, 1.0, 0.0, 0.0], [0.0, 0.0, 1.0, 0.0], [0.0, 0.0, 0.0, 1.0]]","[[0.0, 0.0, 0.0, 0.0], [0.0, 0.0, 0.0, 0.0], [0.0, 0.0, 0.0, 0.0], [0.0, 0.0, 0.0, 0.0]]","[[0.0, 0.0, 0.0, 0.0], [0.0, 0.0, 0.0, 0.0], [0.0, 0.0, 0.0, 0.0], [0.0, 0.0, 0.0, 0.0]]","[[0.0, 0.0, 0.0], [0.0, 0.0, 0.0], [0.0, 0.0, 0.0], [0.0, 0.0, 0.0], [0.0, 0.0, 0.0], [0.0, 0.0, 0.0], [0.0, 0.0, 0.0], [0.0, 0.0, 0.0], [0.0, 0.0, 0.0], [0.0, 0.0, 0.0], [0.0, 0.0, 0.0], [0.0, 0.0, 0.0], [0.0, 0.0, 0.0], [0.0, 0.0, 0.0], [0.0, 0.0, 0.0], [0.0, 0.0, 0.0], [0.0, 0.0, 0.0], [0.0, 0.0, 0.0], [0.0, 0.0, 0.0], [0.0, 0.0, 0.0], [0.0, 0.0, 0.0], [0.0, 0.0, 0.0], [0.0, 0.0, 0.0], [0.0, 0.0, 0.0], [0.0, 0.0, 0.0]]","[[0.0, 0.0, 0.0], [0.0, 0.0, 0.0], [0.0, 0.0, 0.0], [0.0, 0.0, 0.0], [0.0, 0.0, 0.0], [0.0, 0.0, 0.0], [0.0, 0.0, 0.0], [0.0, 0.0, 0.0], [0.0, 0.0, 0.0], [0.0, 0.0, 0.0], [0.0, 0.0, 0.0], [0.0, 0.0, 0.0], [0.0, 0.0, 0.0], [0.0, 0.0, 0.0], [0.0, 0.0, 0.0], [0.0, 0.0, 0.0], [0.0, 0.0, 0.0], [0.0, 0.0, 0.0], [0.0, 0.0, 0.0], [0.0, 0.0, 0.0], [0.0, 0.0, 0.0], [0.0, 0.0, 0.0], [0.0, 0.0, 0.0], [0.0, 0.0, 0.0], [0.0, 0.0, 0.0]]"
"[[0.9998878836674866, 0.014759573439047009, -0.00251668858858107, 0.00010794457685433639], [-0.014889221353545529, 0.9978870153509055, -0.06324450691239385, 1.1650971294942054], [0.0015779088292801544, 0.06327488998873672, 0.9979948997372493, -0.017622931180600817], [0.0, 0.0, 0.0, 1.0]]","[[0.0, 0.0, 0.0, 0.0], [0.0, 0.0, 0.0, 0.0], [0.0, 0.0, 0.0, 0.0], [0.0, 0.0, 0.0, 0.0]]","[[0.0, 0.0, 0.0, 0.0], [0.0, 0.0, 0.0, 0.0], [0.0, 0.0, 0.0, 0.0], [0.0, 0.0, 0.0, 0.0]]","[[0.0, 0.0, 0.0], [0.0, 0.0, 0.0], [0.0, 0.0, 0.0], [0.0, 0.0, 0.0], [0.0, 0.0, 0.0], [0.0, 0.0, 0.0], [0.0, 0.0, 0.0], [0.0, 0.0, 0.0], [0.0, 0.0, 0.0], [0.0, 0.0, 0.0], [0.0, 0.0, 0.0], [0.0, 0.0, 0.0], [0.0, 0.0, 0.0], [0.0, 0.0, 0.0], [0.0, 0.0, 0.0], [0.0, 0.0, 0.0], [0.0, 0.0, 0.0], [0.0, 0.0, 0.0], [0.0, 0.0, 0.0], [0.0, 0.0, 0.0], [0.0, 0.0, 0.0], [0.0, 0.0, 0.0], [0.0, 0.0, 0.0], [0.0, 0.0, 0.0], [0.0, 0.0, 0.0]]","[[0.0, 0.0, 0.0], [0.0, 0.0, 0.0], [0.0, 0.0, 0.0], [0.0, 0.0, 0.0], [0.0, 0.0, 0.0], [0.0, 0.0, 0.0], [0.0, 0.0, 0.0], [0.0, 0.0, 0.0], [0.0, 0.0, 0.0], [0.0, 0.0, 0.0], [0.0, 0.0, 0.0], [0.0, 0.0, 0.0], [0.0, 0.0, 0.0], [0.0, 0.0, 0.0], [0.0, 0.0, 0.0], [0.0, 0.0, 0.0], [0.0, 0.0, 0.0], [0.0, 0.0, 0.0], [0.0, 0.0, 0.0], [0.0, 0.0, 0.0], [0.0, 0.0, 0.0], [0.0, 0.0, 0.0], [0.0, 0.0, 0.0], [0.0, 0.0, 0.0], [0.0, 0.0, 0.0]]"
"[[0.999881982806695, 0.015036154746911386, -0.0031441325213000244, 0.00019191240118205473], [-0.015206146776774078, 0.997847497325033, -0.06378969339008374, 1.1651071169442244], [0.00217821301117688, 0.0638299754512782, 0.9979584218418452, -0.017620797146816237], [0.0, 0.0, 0.0, 1.0]]","[[0.8836755752563477, -0.24193604290485382, -0.40072986483573914, -0.22425301373004913], [0.46486353874206543, 0.5540599822998047, 0.6905935406684875, 0.6693122386932373], [0.05494888871908188, -0.7965453267097473, 0.6020764708518982, -0.11429294943809509], [0.0, 0.0, 0.0, 1.0]]","[[0.4936980903148651, 0.8693470358848572, 0.022310379892587662, 0.19349926710128784], [-0.21847669780254364, 0.14882250130176544, -0.9644269943237305, 0.84505295753479], [-0.841742217540741, 0.4712613523006439, 0.26340559124946594, -0.12456300854682922], [0.0, 0.0, 0.0, 1.0]]","[[-0.22425301373004913, 0.6693122386932373, -0.11429294943809509], [-0.19821682572364807, 0.6572447419166565, -0.11787313967943192], [-0.1601971834897995, 0.6212798953056335, -0.11558772623538971], [-0.14727529883384705, 0.5933637619018555, -0.1186327114701271], [-0.13337883353233337, 0.5690526366233826, -0.12091270834207535], [-0.20194175839424133, 0.660987377166748, -0.1268601417541504], [-0.16288456320762634, 0.6179317235946655, -0.16485637426376343], [-0.14345431327819824, 0.5808424949645996, -0.17507943511009216], [-0.14263643324375153, 0.5713009238243103, -0.15290510654449463], [-0.15035057067871094, 0.5812683701515198, -0.13537117838859558], [-0.2113569676876068, 0.6545417308807373, -0.1284838765859604], [-0.18605266511440277, 0.6097723841667175, -0.1703866720199585], [-0.17181017994880676, 0.5724272727966309, -0.19576016068458557], [-0.16445809602737427, 0.5585461258888245, -0.1721213459968567], [-0.16865162551403046, 0.5728024244308472, -0.15611138939857483], [-0.2211868017911911, 0.6483657360076904, -0.12811097502708435], [-0.20457255840301514, 0.6006861329078674, -0.16736255586147308], [-0.194149911403656, 0.5665425658226013, -0.18754759430885315], [-0.1881415694952011, 0.5531782507896423, -0.16594290733337402], [-0.19264757633209229, 0.5679720640182495, -0.15143746137619019], [-0.23295536637306213, 0.6420291066169739, -0.12724758684635162], [-0.2223552018404007, 0.5981069803237915, -0.15896287560462952], [-0.21331286430358887, 0.5703520178794861, -0.17499876022338867], [-0.2067996710538864, 0.5563635230064392, -0.16490668058395386], [-0.20690880715847015, 0.5618190169334412, -0.1462511271238327]]","[[0.19349926710128784, 0.84505295753479, -0.12456300854682922], [0.17616863548755646, 0.8669288754463196, -0.12047404795885086], [0.14276964962482452, 0.9002735018730164, -0.13991136848926544], [0.1349952518939972, 0.9150185585021973, -0.1474819779396057], [0.12391544878482819, 0.9334806203842163, -0.1656005084514618], [0.18571709096431732, 0.8692183494567871, -0.11783836036920547], [0.18663206696510315, 0.9288552403450012, -0.11417145282030106], [0.1653524935245514, 0.9507964849472046, -0.1434144526720047], [0.14738738536834717, 0.9539402723312378, -0.1603831797838211], [0.13071468472480774, 0.9524625539779663, -0.1747615784406662], [0.1911732256412506, 0.8683455586433411, -0.12762776017189026], [0.1999727189540863, 0.918813169002533, -0.13451708853244781], [0.1601404845714569, 0.929895281791687, -0.16384148597717285], [0.1558457612991333, 0.9044567942619324, -0.1564948856830597], [0.17333611845970154, 0.8988035917282104, -0.14221221208572388], [0.19750456511974335, 0.8632621169090271, -0.13549712300300598], [0.207097128033638, 0.9102655649185181, -0.15249069035053253], [0.16836893558502197, 0.9153301119804382, -0.17260240018367767], [0.16391314566135406, 0.8918561935424805, -0.16557800769805908], [0.18388567864894867, 0.888981819152832, -0.1553194522857666], [0.2078392058610916, 0.8530821204185486, -0.14000561833381653], [0.21267437934875488, 0.8960303068161011, -0.1661267876625061], [0.18079960346221924, 0.8990406394004822, -0.18131428956985474], [0.17391175031661987, 0.8834755420684814, -0.17484663426876068], [0.19131837785243988, 0.8792122006416321, -0.164654940366745]]"
"[[0.9998854398738201, 0.014669473349751386, -0.0037284712612767486, 0.0003044379376926524], [-0.014878159322141267, 0.9978376030751452, -0.06402178828727423, 1.1651502205171547], [0.0027812428001175865, 0.06406992698896713, 0.9979415536086207, -0.017575674269613945], [0.0, 0.0, 0.0, 1.0]]","[[0.8836755752563477, -0.24193604290485382, -0.40072986483573914, -0.22425301373004913], [0.46486353874206543, 0.5540599822998047, 0.6905935406684875, 0.6693122386932373], [0.05494888871908188, -0.7965453267097473, 0.6020764708518982, -0.11429294943809509], [0.0, 0.0, 0.0, 1.0]]","[[0.4936980903148651, 0.8693470358848572, 0.022310379892587662, 0.19349926710128784], [-0.21847669780254364, 0.14882250130176544, -0.9644269943237305, 0.84505295753479], [-0.841742217540741, 0.4712613523006439, 0.26340559124946594, -0.12456300854682922], [0.0, 0.0, 0.0, 1.0]]","[[-0.22425301373004913, 0.6693122386932373, -0.11429294943809509], [-0.19821682572364807, 0.6572447419166565, -0.11787313967943192], [-0.1601971834897995, 0.6212798953056335, -0.11558772623538971], [-0.14727529883384705, 0.5933637619018555, -0.1186327114701271], [-0.13337883353233337, 0.5690526366233826, -0.12091270834207535], [-0.20194175839424133, 0.660987377166748, -0.1268601417541504], [-0.16288456320762634, 0.6179317235946655, -0.16485637426376343], [-0.14345431327819824, 0.5808424949645996, -0.17507943511009216], [-0.14263643324375153, 0.5713009238243103, -0.15290510654449463], [-0.15035057067871094, 0.5812683701515198, -0.13537117838859558], [-0.2113569676876068, 0.6545417308807373, -0.1284838765859604], [-0.18605266511440277, 0.6097723841667175, -0.1703866720199585], [-0.17181017994880676, 0.5724272727966309, -0.19576016068458557], [-0.16445809602737427, 0.5585461258888245, -0.1721213459968567], [-0.16865162551403046, 0.5728024244308472, -0.15611138939857483], [-0.2211868017911911, 0.6483657360076904, -0.12811097502708435], [-0.20457255840301514, 0.6006861329078674, -0.16736255586147308], [-0.194149911403656, 0.5665425658226013, -0.18754759430885315], [-0.1881415694952011, 0.5531782507896423, -0.16594290733337402], [-0.19264757633209229, 0.5679720640182495, -0.15143746137619019], [-0.23295536637306213, 0.6420291066169739, -0.12724758684635162], [-0.2223552018404007, 0.5981069803237915, -0.15896287560462952], [-0.21331286430358887, 0.5703520178794861, -0.17499876022338867], [-0.2067996710538864, 0.5563635230064392, -0.16490668058395386], [-0.20690880715847015, 0.5618190169334412, -0.1462511271238327]]","[[0.19349926710128784, 0.84505295753479, -0.12456300854682922], [0.17616863548755646, 0.8669288754463196, -0.12047404795885086], [0.14276964962482452, 0.9002735018730164, -0.13991136848926544], [0.1349952518939972, 0.9150185585021973, -0.1474819779396057], [0.12391544878482819, 0.9334806203842163, -0.1656005084514618], [0.18571709096431732, 0.8692183494567871, -0.11783836036920547], [0.18663206696510315, 0.9288552403450012, -0.11417145282030106], [0.1653524935245514, 0.9507964849472046, -0.1434144526720047], [0.14738738536834717, 0.9539402723312378, -0.1603831797838211], [0.13071468472480774, 0.9524625539779663, -0.1747615784406662], [0.1911732256412506, 0.8683455586433411, -0.12762776017189026], [0.1999727189540863, 0.918813169002533, -0.13451708853244781], [0.1601404845714569, 0.929895281791687, -0.16384148597717285], [0.1558457612991333, 0.9044567942619324, -0.1564948856830597], [0.17333611845970154, 0.8988035917282104, -0.14221221208572388], [0.19750456511974335, 0.8632621169090271, -0.13549712300300598], [0.207097128033638, 0.9102655649185181, -0.15249069035053253], [0.16836893558502197, 0.9153301119804382, -0.17260240018367767], [0.16391314566135406, 0.8918561935424805, -0.16557800769805908], [0.18388567864894867, 0.888981819152832, -0.1553194522857666], [0.2078392058610916, 0.8530821204185486, -0.14000561833381653], [0.21267437934875488, 0.8960303068161011, -0.1661267876625061], [0.18079960346221924, 0.8990406394004822, -0.18131428956985474], [0.17391175031661987, 0.8834755420684814, -0.17484663426876068], [0.19131837785243988, 0.8792122006416321, -0.164654940366745]]"
"[[0.9998925924191703, 0.014656840073858257, 0.00014771486194602485, -9.008539351290003e-05], [-0.014617807050253439, 0.9978703259095616, -0.06356949133692698, 1.1652199997013357], [-0.0010791282254058552, 0.0635605029958635, 0.9979773761278204, -0.016603211286778833], [0.0, 0.0, 0.0, 1.0]]","[[0.8821303844451904, -0.25503817200660706, -0.39598163962364197, -0.22513581812381744], [0.4685741364955902, 0.560495913028717, 0.6828488111495972, 0.6688209772109985], [0.04779353365302086, -0.7879084348678589, 0.6139348149299622, -0.11269164085388184], [0.0, 0.0, 0.0, 1.0]]","[[0.4911971688270569, 0.8703230619430542, 0.035540711134672165, 0.19515487551689148], [-0.24203476309776306, 0.17556875944137573, -0.9542509317398071, 0.8493964672088623], [-0.8367463946342468, 0.4601232707500458, 0.2968873083591461, -0.11961972713470459], [0.0, 0.0, 0.0, 1.0]]","[[-0.22513581812381744, 0.6688209772109985, -0.11269164085388184], [-0.1987919956445694, 0.6567766666412354, -0.11677722632884979], [-0.1605224311351776, 0.6210429072380066, -0.1141238883137703], [-0.14710384607315063, 0.5929818749427795, -0.1169692724943161], [-0.1329650580883026, 0.567929208278656, -0.11919654905796051], [-0.2026975303888321, 0.6606312394142151, -0.12578065693378448], [-0.16383138298988342, 0.6174789667129517, -0.16544461250305176], [-0.14440295100212097, 0.5809848308563232, -0.17689205706119537], [-0.14269870519638062, 0.5705787539482117, -0.15493661165237427], [-0.1497543305158615, 0.5793015956878662, -0.13634297251701355], [-0.2122115194797516, 0.6540813446044922, -0.12736043334007263], [-0.1865384578704834, 0.608884334564209, -0.16979600489139557], [-0.17279857397079468, 0.5704769492149353, -0.19454193115234375], [-0.16512314975261688, 0.5562052130699158, -0.17087148129940033], [-0.16886159777641296, 0.5706557631492615, -0.15429668128490448], [-0.22211956977844238, 0.6477828621864319, -0.1269126534461975], [-0.2043531835079193, 0.6002508401870728, -0.16737917065620422], [-0.19348379969596863, 0.566033124923706, -0.18780429661273956], [-0.18713682889938354, 0.5520200729370117, -0.16613084077835083], [-0.1916216015815735, 0.5663419365882874, -0.15065957605838776], [-0.23398125171661377, 0.6413074731826782, -0.12594455480575562], [-0.2228962630033493, 0.5979970693588257, -0.15945541858673096], [-0.213819682598114, 0.5699217319488525, -0.17565450072288513], [-0.20701226592063904, 0.5553653836250305, -0.16589415073394775], [-0.20682905614376068, 0.5605230331420898, -0.14692647755146027]]","[[0.19515487551689148, 0.8493964672088623, -0.11961972713470459], [0.17753037810325623, 0.8712652921676636, -0.1161767989397049], [0.14388713240623474, 0.9033489227294922, -0.13708966970443726], [0.13543784618377686, 0.917178750038147, -0.14520935714244843], [0.12398391962051392, 0.9346325993537903, -0.16391174495220184], [0.18709677457809448, 0.8737669587135315, -0.11367680877447128], [0.1866118460893631, 0.9328778982162476, -0.1129113957285881], [0.16394266486167908, 0.9535800218582153, -0.1420183628797531], [0.14511944353580475, 0.9563542008399963, -0.15818767249584198], [0.12770362198352814, 0.9550793766975403, -0.17193946242332458], [0.19252103567123413, 0.872611939907074, -0.12349603325128555], [0.1995900720357895, 0.9226656556129456, -0.1323765218257904], [0.15955935418605804, 0.9318343997001648, -0.16215713322162628], [0.15596903860569, 0.9065797328948975, -0.15392163395881653], [0.1734834462404251, 0.9016363620758057, -0.13943792879581451], [0.1988270878791809, 0.8672164082527161, -0.13132476806640625], [0.20694901049137115, 0.9140217900276184, -0.1493011713027954], [0.1684359312057495, 0.9183199405670166, -0.17002612352371216], [0.16438043117523193, 0.8948807716369629, -0.16278621554374695], [0.18414829671382904, 0.8921703100204468, -0.15211676061153412], [0.2091301828622818, 0.8566856980323792, -0.13574740290641785], [0.2130039483308792, 0.8994736671447754, -0.1621781438589096], [0.18139329552650452, 0.9017433524131775, -0.17814995348453522], [0.17465431988239288, 0.885971188545227, -0.1718653291463852], [0.19155755639076233, 0.8817770481109619, -0.1610434353351593]]"
"[[0.9998422861033053, 0.017259711005556032, 0.004189264044941835, -0.0007380364241859973], [-0.016996601990593038, 0.9982685446722105, -0.05631198346384674, 1.164317819207483], [-0.005153939112244673, 0.056231897475636894, 0.9984044432724761, -0.014114627379290604], [0.0, 0.0, 0.0, 1.0]]","[[0.8739991784095764, -0.2793377637863159, -0.39761263132095337, -0.2247888594865799], [0.48387283086776733, 0.5754632949829102, 0.6593246459960938, 0.6705149412155151], [0.04463716223835945, -0.7686432003974915, 0.6381183862686157, -0.11134572327136993], [0.0, 0.0, 0.0, 1.0]]","[[0.47364696860313416, 0.8773685097694397, 0.07670046389102936, 0.19196054339408875], [-0.25208723545074463, 0.2185022085905075, -0.9427134990692139, 0.8493344783782959], [-0.8438664078712463, 0.42717814445495605, 0.3246663808822632, -0.12137633562088013], [0.0, 0.0, 0.0, 1.0]]","[[-0.2247888594865799, 0.6705149412155151, -0.11134572327136993], [-0.19842582941055298, 0.6591343283653259, -0.11617302894592285], [-0.15930312871932983, 0.6244061589241028, -0.11745590716600418], [-0.14537742733955383, 0.5970961451530457, -0.12277281284332275], [-0.13079088926315308, 0.5727593898773193, -0.12728258967399597], [-0.20254215598106384, 0.6631237864494324, -0.12496413290500641], [-0.16375571489334106, 0.6219160556793213, -0.16622188687324524], [-0.1442108452320099, 0.5853166580200195, -0.17653688788414001], [-0.14291022717952728, 0.5758215188980103, -0.15425023436546326], [-0.15024903416633606, 0.585204005241394, -0.1361885964870453], [-0.21191594004631042, 0.656467854976654, -0.1265406608581543], [-0.18630041182041168, 0.6130950450897217, -0.17039954662322998], [-0.17152266204357147, 0.57388836145401, -0.1927693486213684], [-0.1644282191991806, 0.5613623261451721, -0.16810989379882812], [-0.1689818650484085, 0.5769763588905334, -0.1529974639415741], [-0.22165058553218842, 0.6500029563903809, -0.1260867714881897], [-0.20382031798362732, 0.6041033864021301, -0.16785942018032074], [-0.19221846759319305, 0.5696488618850708, -0.18704746663570404], [-0.18588906526565552, 0.556727409362793, -0.16485831141471863], [-0.19103975594043732, 0.5720305442810059, -0.1507176160812378], [-0.23331674933433533, 0.6433121562004089, -0.12508614361286163], [-0.22207486629486084, 0.6012767553329468, -0.1597100794315338], [-0.21250303089618683, 0.573476254940033, -0.1757626235485077], [-0.205437570810318, 0.5596585869789124, -0.16536517441272736], [-0.20619454979896545, 0.5669462084770203, -0.14720632135868073]]","[[0.19196054339408875, 0.8493344783782959, -0.12137633562088013], [0.1737193614244461, 0.8707101345062256, -0.11805570870637894], [0.13805653154850006, 0.9010692834854126, -0.13818857073783875], [0.1281552016735077, 0.9141120910644531, -0.14616043865680695], [0.11533835530281067, 0.930826723575592, -0.16474144160747528], [0.18326658010482788, 0.8736020922660828, -0.11593293398618698], [0.18021240830421448, 0.9322068691253662, -0.11701573431491852], [0.15570250153541565, 0.9510124921798706, -0.14629220962524414], [0.1362292319536209, 0.952578604221344, -0.16197076439857483], [0.11851142346858978, 0.9501312375068665, -0.17513857781887054], [0.18842807412147522, 0.8723163604736328, -0.12587638199329376], [0.1928844004869461, 0.9215858578681946, -0.13661043345928192], [0.1515650749206543, 0.9287789463996887, -0.16545605659484863], [0.14920556545257568, 0.903563380241394, -0.156307190656662], [0.16727890074253082, 0.899595320224762, -0.14221681654453278], [0.19453120231628418, 0.8667517304420471, -0.1337500661611557], [0.1999993622303009, 0.9127901792526245, -0.15355664491653442], [0.16067011654376984, 0.9154087901115417, -0.1732017993927002], [0.1577673852443695, 0.8919636011123657, -0.1651071012020111], [0.17791123688220978, 0.8903011679649353, -0.15500302612781525], [0.20465679466724396, 0.8560484051704407, -0.13821229338645935], [0.20608648657798767, 0.8981223702430725, -0.1661563664674759], [0.17390286922454834, 0.8990090489387512, -0.18122246861457825], [0.16804344952106476, 0.8829963207244873, -0.17427203059196472], [0.18539732694625854, 0.8797897696495056, -0.16384750604629517]]"
"[[0.9998576044967923, 0.016193087758091463, 0.004748583181614465, -0.0008461024170353584], [-0.01591073201450968, 0.9983898402201794, -0.054447510962322546, 1.1641801438559032], [-0.005622610573803596, 0.05436420279280827, 0.998505353840196, -0.013714486553093444], [0.0, 0.0, 0.0, 1.0]]","[[0.8716042637825012, -0.28934770822525024, -0.39570677280426025, -0.22474585473537445], [0.4886477589607239, 0.5772228240966797, 0.6542454361915588, 0.6720259785652161], [0.039106518030166626, -0.7636043429374695, 0.6444990038871765, -0.11060972511768341], [0.0, 0.0, 0.0, 1.0]]","[[0.4693388044834137, 0.8790621161460876, 0.08349065482616425, 0.1919131726026535], [-0.25298917293548584, 0.2244533896446228, -0.9410722255706787, 0.849364161491394], [-0.8460008502006531, 0.4205593764781952, 0.3277379870414734, -0.12171220779418945], [0.0, 0.0, 0.0, 1.0]]","[[-0.22474585473537445, 0.6720259785652161, -0.11060972511768341], [-0.19838997721672058, 0.6608288288116455, -0.11571327596902847], [-0.15905576944351196, 0.6264326572418213, -0.11814667284488678], [-0.1450314223766327, 0.5993515253067017, -0.124112069606781], [-0.1303444504737854, 0.575245201587677, -0.129227414727211], [-0.2026016116142273, 0.6648289561271667, -0.12444103509187698], [-0.1639995276927948, 0.6240794658660889, -0.16616325080394745], [-0.14475968480110168, 0.5874512195587158, -0.17674851417541504], [-0.14305736124515533, 0.5775155425071716, -0.1547193080186844], [-0.14987385272979736, 0.5861670970916748, -0.13613148033618927], [-0.21194130182266235, 0.6581337451934814, -0.12596306204795837], [-0.18649420142173767, 0.6151450276374817, -0.170190691947937], [-0.17146970331668854, 0.5757381319999695, -0.1918700486421585], [-0.16440603137016296, 0.5636506080627441, -0.16704027354717255], [-0.1690802425146103, 0.5794450044631958, -0.15221059322357178], [-0.2216247320175171, 0.6516183614730835, -0.1254529356956482], [-0.2039346992969513, 0.6060810685157776, -0.167547345161438], [-0.19214865565299988, 0.5715029239654541, -0.18627619743347168], [-0.18573708832263947, 0.5589271783828735, -0.1639666110277176], [-0.19096556305885315, 0.5743553042411804, -0.150039404630661], [-0.2332313507795334, 0.6448639035224915, -0.12438071519136429], [-0.22207003831863403, 0.6030945777893066, -0.15924671292304993], [-0.2122855931520462, 0.5751655697822571, -0.17484021186828613], [-0.20510698854923248, 0.5616057515144348, -0.16425253450870514], [-0.20589233934879303, 0.5691286325454712, -0.1462170034646988]]","[[0.1919131726026535, 0.849364161491394, -0.12171220779418945], [0.17359092831611633, 0.8706598281860352, -0.11835331469774246], [0.13760709762573242, 0.90077143907547, -0.13827866315841675], [0.1274544894695282, 0.9136936664581299, -0.14618869125843048], [0.11439793556928635, 0.9303059577941895, -0.16471724212169647], [0.1831362545490265, 0.8736065030097961, -0.11630465090274811], [0.17966771125793457, 0.932121217250824, -0.11757408827543259], [0.15480992197990417, 0.9507033228874207, -0.14679643511772156], [0.13521799445152283, 0.9521114230155945, -0.1623598337173462], [0.11744429916143417, 0.949501633644104, -0.17540708184242249], [0.18823809921741486, 0.872308075428009, -0.12627571821212769], [0.19225743412971497, 0.9214445352554321, -0.13721366226673126], [0.15066573023796082, 0.9284176230430603, -0.16581229865550995], [0.1485401690006256, 0.903174102306366, -0.15654899179935455], [0.16672559082508087, 0.8993382453918457, -0.14255979657173157], [0.1942891925573349, 0.8667256832122803, -0.13416393101215363], [0.19926556944847107, 0.9126952886581421, -0.15418082475662231], [0.15978819131851196, 0.9150840640068054, -0.1735854297876358], [0.15710948407649994, 0.891596257686615, -0.16538290679454803], [0.17732307314872742, 0.8900684714317322, -0.15539979934692383], [0.20436161756515503, 0.8560047745704651, -0.13864123821258545], [0.20532630383968353, 0.8980278968811035, -0.16677355766296387], [0.17304818332195282, 0.8987083435058594, -0.1816411167383194], [0.16736482083797455, 0.8826203346252441, -0.17459255456924438], [0.18481110036373138, 0.879541277885437, -0.1642654836177826]]"
"[[0.9998581409469863, 0.015295675213956205, 0.007054737606333212, -0.0009519461237070728], [-0.014910850484347968, 0.9985510110810535, -0.0517066232559522, 1.1638407478537316], [-0.00783540324748903, 0.05159409719731014, 0.9986373782184956, -0.013053493897319024], [0.0, 0.0, 0.0, 1.0]]","[[0.8684301376342773, -0.2962151765823364, -0.39759981632232666, -0.22497157752513885], [0.4941980242729187, 0.5817843079566956, 0.645983874797821, 0.6749832630157471], [0.03996703773736954, -0.7574849724769592, 0.6516280174255371, -0.11016882956027985], [0.0, 0.0, 0.0, 1.0]]","[[0.46555566787719727, 0.8808593153953552, 0.08570114523172379, 0.1918928325176239], [-0.25793391466140747, 0.22767767310142517, -0.9389530420303345, 0.8495155572891235], [-0.8465978503227234, 0.4150296449661255, 0.3332001864910126, -0.12210370600223541], [0.0, 0.0, 0.0, 1.0]]","[[-0.22497157752513885, 0.6749832630157471, -0.11016882956027985], [-0.19859357178211212, 0.6640231609344482, -0.11546330153942108], [-0.1590370237827301, 0.6300544142723083, -0.11903862655162811], [-0.14510546624660492, 0.6031399965286255, -0.1257067769765854], [-0.13044729828834534, 0.5792208909988403, -0.1314680278301239], [-0.20286089181900024, 0.6680644154548645, -0.12412922084331512], [-0.16420136392116547, 0.6279817819595337, -0.1662430614233017], [-0.14562922716140747, 0.5912156105041504, -0.17729389667510986], [-0.1430874913930893, 0.5796597599983215, -0.15620160102844238], [-0.14864584803581238, 0.5858776569366455, -0.1363126039505005], [-0.21214944124221802, 0.6613277196884155, -0.12567104399204254], [-0.18661709129810333, 0.6189471483230591, -0.17030920088291168], [-0.1712220013141632, 0.579277753829956, -0.19102218747138977], [-0.16412781178951263, 0.5668301582336426, -0.1664435714483261], [-0.16867002844810486, 0.5821316242218018, -0.15113388001918793], [-0.22177451848983765, 0.6547507643699646, -0.12518054246902466], [-0.20397815108299255, 0.6097828149795532, -0.16770973801612854], [-0.19183287024497986, 0.5751004815101624, -0.1858643889427185], [-0.1852807253599167, 0.5622808337211609, -0.16380220651626587], [-0.19032388925552368, 0.5770308971405029, -0.14915049076080322], [-0.23331667482852936, 0.6479173302650452, -0.12412329018115997], [-0.22205482423305511, 0.6065695881843567, -0.15934039652347565], [-0.21182654798030853, 0.5784122347831726, -0.17410291731357574], [-0.2045147716999054, 0.5648428201675415, -0.16369780898094177], [-0.2046896368265152, 0.5710408687591553, -0.14517945051193237]]","[[0.1918928325176239, 0.8495155572891235, -0.12210370600223541], [0.1735849827528, 0.8708030581474304, -0.11879424005746841], [0.13737118244171143, 0.9007860422134399, -0.13840678334236145], [0.1270136535167694, 0.9136516451835632, -0.14619143307209015], [0.11375509202480316, 0.9302248358726501, -0.16461168229579926], [0.18313047289848328, 0.8737668395042419, -0.11681023240089417], [0.17956258356571198, 0.9321373701095581, -0.11843171715736389], [0.1544325053691864, 0.9504120945930481, -0.14768365025520325], [0.13476043939590454, 0.9516251683235168, -0.16313984990119934], [0.11696003377437592, 0.9488268494606018, -0.17606140673160553], [0.1881827414035797, 0.8724108338356018, -0.12678928673267365], [0.19206371903419495, 0.9213387370109558, -0.1380712389945984], [0.15030458569526672, 0.9281896352767944, -0.16647842526435852], [0.14829163253307343, 0.9029591083526611, -0.15704703330993652], [0.16654129326343536, 0.8992210626602173, -0.14312945306301117], [0.19418545067310333, 0.8667706251144409, -0.13466985523700714], [0.1989494115114212, 0.9125946760177612, -0.1550198644399643], [0.15939301252365112, 0.9148533344268799, -0.17423374950885773], [0.15677598118782043, 0.8913546204566956, -0.16589990258216858], [0.17702025175094604, 0.8898603320121765, -0.15599392354488373], [0.20420441031455994, 0.8559861183166504, -0.13913457095623016], [0.20496025681495667, 0.8978607058525085, -0.16758060455322266], [0.17264537513256073, 0.8984113931655884, -0.18228797614574432], [0.16699261963367462, 0.8823049068450928, -0.17514696717262268], [0.1844530999660492, 0.8792200088500977, -0.16484978795051575]]"
"[[0.99982178210993, 0.015001814470263126, 0.011461932438890904, -0.0011055289890345827], [-0.014453940435675994, 0.9988149405223096, -0.046473221384238685, 1.1633171597596774], [-0.012145532068331275, 0.046299266166735256, 0.998853802613532, -0.012110313209818657], [0.0, 0.0, 0.0, 1.0]]","[[0.8616332411766052, -0.3023746907711029, -0.40762439370155334, -0.22516317665576935], [0.5053045749664307, 0.5862403512001038, 0.6332373023033142, 0.6804298758506775], [0.04749089479446411, -0.7515928149223328, 0.6579155325889587, -0.11061728000640869], [0.0, 0.0, 0.0, 1.0]]","[[0.4626324772834778, 0.882202684879303, 0.08768878877162933, 0.19200821220874786], [-0.2641436457633972, 0.231581449508667, -0.9362680315971375, 0.8499531745910645], [-0.8462854623794556, 0.40998542308807373, 0.34016549587249756, -0.12243616580963135], [0.0, 0.0, 0.0, 1.0]]","[[-0.22516317665576935, 0.6804298758506775, -0.11061728000640869], [-0.19863860309123993, 0.6698879599571228, -0.11597204208374023], [-0.15860943496227264, 0.6366047263145447, -0.12041345238685608], [-0.14468048512935638, 0.6098846793174744, -0.12773090600967407], [-0.1300312578678131, 0.5861520767211914, -0.13408882915973663], [-0.20293967425823212, 0.6739674806594849, -0.12459877133369446], [-0.16365833580493927, 0.6348775029182434, -0.1670413613319397], [-0.145638108253479, 0.5979963541030884, -0.17851120233535767], [-0.14181461930274963, 0.5837576985359192, -0.159361332654953], [-0.1453077793121338, 0.5852636694908142, -0.13814592361450195], [-0.21213041245937347, 0.6671270132064819, -0.12623675167560577], [-0.18594540655612946, 0.6256113648414612, -0.17127254605293274], [-0.16974785923957825, 0.585643470287323, -0.1906840205192566], [-0.1623782515525818, 0.5717426538467407, -0.1670093834400177], [-0.16618163883686066, 0.5847593545913696, -0.14956584572792053], [-0.22166405618190765, 0.6604191064834595, -0.12584209442138672], [-0.20318982005119324, 0.6162096261978149, -0.16879941523075104], [-0.1902974396944046, 0.5814493894577026, -0.18621104955673218], [-0.18331263959407806, 0.5674270987510681, -0.1650659292936325], [-0.18758705258369446, 0.5797837972640991, -0.14815914630889893], [-0.2331116795539856, 0.6534226536750793, -0.12488830089569092], [-0.22134600579738617, 0.6126202344894409, -0.16049712896347046], [-0.21045231819152832, 0.5843368172645569, -0.174475759267807], [-0.2028515785932541, 0.5702199935913086, -0.16509348154067993], [-0.20153865218162537, 0.5729641914367676, -0.14581775665283203]]","[[0.19200821220874786, 0.8499531745910645, -0.12243616580963135], [0.17369064688682556, 0.8712571263313293, -0.11922358721494675], [0.13716834783554077, 0.9011316895484924, -0.13847972452640533], [0.12657076120376587, 0.9139930605888367, -0.14610841870307922], [0.11307819187641144, 0.9305833578109741, -0.16439233720302582], [0.1832435578107834, 0.8742444515228271, -0.11729753762483597], [0.17956754565238953, 0.9325344562530518, -0.11940032243728638], [0.15419159829616547, 0.9505345821380615, -0.14875565469264984], [0.13444355130195618, 0.9515536427497864, -0.16414551436901093], [0.11661401391029358, 0.9485657215118408, -0.17697343230247498], [0.18826134502887726, 0.8728145360946655, -0.12728700041770935], [0.19201098382472992, 0.9215583801269531, -0.13903290033340454], [0.15009422600269318, 0.9283297657966614, -0.16733475029468536], [0.1481458842754364, 0.9030852317810059, -0.15769946575164795], [0.16644833981990814, 0.8994328379631042, -0.1438177227973938], [0.19423021376132965, 0.8670980334281921, -0.13516086339950562], [0.19879081845283508, 0.9127675294876099, -0.15594138205051422], [0.15915173292160034, 0.9148567914962769, -0.17501641809940338], [0.15655812621116638, 0.8913089632987976, -0.1665191501379013], [0.17683351039886475, 0.8898406028747559, -0.15665578842163086], [0.20421239733695984, 0.8562286496162415, -0.13961195945739746], [0.2048022300004959, 0.8979204297065735, -0.16850844025611877], [0.17245668172836304, 0.8983151912689209, -0.18310546875], [0.16680195927619934, 0.8821872472763062, -0.17583338916301727], [0.18427178263664246, 0.8790944218635559, -0.16552327573299408]]"
"[[0.9997297525467561, 0.01573613519833165, 0.01711177634155066, -0.0011396010443544171], [-0.015022691795074173, 0.9990441202481825, -0.04105131563295804, 1.1628017368927583], [-0.017741408254153424, 0.040783157082896634, 0.9990105033494625, -0.010936484277301761], [0.0, 0.0, 0.0, 1.0]]","[[0.8253483176231384, -0.33123865723609924, -0.4572538137435913, -0.2229890078306198], [0.5582416653633118, 0.600139856338501, 0.5728859305381775, 0.7046244144439697], [0.08465423434972763, -0.7280886173248291, 0.6802356839179993, -0.11488708853721619], [0.0, 0.0, 0.0, 1.0]]","[[0.4497498571872711, 0.8874881863594055, 0.10044671595096588, 0.19220323860645294], [-0.2863055169582367, 0.24978342652320862, -0.9250065684318542, 0.8522207140922546], [-0.8460224866867065, 0.3872630298137665, 0.36643293499946594, -0.12392310798168182], [0.0, 0.0, 0.0, 1.0]]","[[-0.2229890078306198, 0.7046244144439697, -0.11488708853721619], [-0.1958022117614746, 0.6961382627487183, -0.12029856443405151], [-0.15382012724876404, 0.6658676266670227, -0.12671884894371033], [-0.1385401487350464, 0.6404813528060913, -0.13565270602703094], [-0.12271572649478912, 0.6180756688117981, -0.14344830811023712], [-0.20024821162223816, 0.7003239393234253, -0.12877759337425232], [-0.15796436369419098, 0.6660205125808716, -0.1723192036151886], [-0.13914072513580322, 0.6296964883804321, -0.18409787118434906], [-0.1327970027923584, 0.6111448407173157, -0.17003801465034485], [-0.1313980370759964, 0.6014360189437866, -0.1508876085281372], [-0.20892570912837982, 0.6929903626441956, -0.1308746635913849], [-0.17935501039028168, 0.6556573510169983, -0.17728383839130402], [-0.159589484333992, 0.616200864315033, -0.1942199170589447], [-0.15130960941314697, 0.5994113683700562, -0.17290030419826508], [-0.15248605608940125, 0.6029314398765564, -0.1511809229850769], [-0.2179793119430542, 0.6856693625450134, -0.1309443563222885], [-0.19608601927757263, 0.6449305415153503, -0.17555800080299377], [-0.18017268180847168, 0.6109892129898071, -0.19193679094314575], [-0.17185193300247192, 0.594656765460968, -0.17313696444034576], [-0.1733628213405609, 0.598197877407074, -0.15217074751853943], [-0.228926882147789, 0.6779085397720337, -0.1305001974105835], [-0.21410350501537323, 0.6397393345832825, -0.16772599518299103], [-0.20078016817569733, 0.6123918890953064, -0.18135571479797363], [-0.19215808808803558, 0.5977340936660767, -0.17398075759410858], [-0.18755261600017548, 0.592582643032074, -0.15577498078346252]]","[[0.19220323860645294, 0.8522207140922546, -0.12392310798168182], [0.1737906038761139, 0.8734847903251648, -0.12102749198675156], [0.13604450225830078, 0.9027440547943115, -0.13883079588413239], [0.12458600848913193, 0.9152828454971313, -0.14612576365470886], [0.11033914238214493, 0.9317081570625305, -0.164142906665802], [0.18335264921188354, 0.8765931725502014, -0.11936043947935104], [0.17890140414237976, 0.9342176914215088, -0.12326846271753311], [0.15282899141311646, 0.9512170553207397, -0.15304365754127502], [0.13296538591384888, 0.9515118598937988, -0.16820624470710754], [0.11511825025081635, 0.9477180242538452, -0.18065060675144196], [0.18820562958717346, 0.8748979568481445, -0.12938864529132843], [0.1910087764263153, 0.9227690100669861, -0.14291684329509735], [0.14942124485969543, 0.930252194404602, -0.17164386808872223], [0.14570416510105133, 0.9048345685005188, -0.16224053502082825], [0.16328056156635284, 0.899615466594696, -0.14788690209388733], [0.1940036416053772, 0.8688854575157166, -0.1372411549091339], [0.19739417731761932, 0.913837730884552, -0.15968894958496094], [0.15803901851177216, 0.9160345196723938, -0.17919179797172546], [0.15466082096099854, 0.8922868371009827, -0.17048710584640503], [0.17464514076709747, 0.889934778213501, -0.16011925041675568], [0.20377427339553833, 0.85765141248703, -0.14165914058685303], [0.2034088671207428, 0.8986083269119263, -0.17217755317687988], [0.17111121118068695, 0.8981063365936279, -0.1864553689956665], [0.16554491221904755, 0.881967306137085, -0.17868256568908691], [0.18295297026634216, 0.8789222836494446, -0.1682269275188446]]"
