Head Pose,Left Arm Pose,Right Arm Pose,Left Hand (25x3),Right Hand (25x3)
"[[0.0, 0.0, 0.0, 0.0], [0.0, 0.0, 0.0, 0.0], [0.0, 0.0, 0.0, 0.0], [0.0, 0.0, 0.0, 0.0]]","[[0.0, 0.0, 0.0, 0.0], [0.0, 0.0, 0.0, 0.0], [0.0, 0.0, 0.0, 0.0], [0.0, 0.0, 0.0, 0.0]]","[[0.0, 0.0, 0.0, 0.0], [0.0, 0.0, 0.0, 0.0], [0.0, 0.0, 0.0, 0.0], [0.0, 0.0, 0.0, 0.0]]","[[0.0, 0.0, 0.0], [0.0, 0.0, 0.0], [0.0, 0.0, 0.0], [0.0, 0.0, 0.0], [0.0, 0.0, 0.0], [0.0, 0.0, 0.0], [0.0, 0.0, 0.0], [0.0, 0.0, 0.0], [0.0, 0.0, 0.0], [0.0, 0.0, 0.0], [0.0, 0.0, 0.0], [0.0, 0.0, 0.0], [0.0, 0.0, 0.0], [0.0, 0.0, 0.0], [0.0, 0.0, 0.0], [0.0, 0.0, 0.0], [0.0, 0.0, 0.0], [0.0, 0.0, 0.0], [0.0, 0.0, 0.0], [0.0, 0.0, 0.0], [0.0, 0.0, 0.0], [0.0, 0.0, 0.0], [0.0, 0.0, 0.0], [0.0, 0.0, 0.0], [0.0, 0.0, 0.0]]","[[0.0, 0.0, 0.0], [0.0, 0.0, 0.0], [0.0, 0.0, 0.0], [0.0, 0.0, 0.0], [0.0, 0.0, 0.0], [0.0, 0.0, 0.0], [0.0, 0.0, 0.0], [0.0, 0.0, 0.0], [0.0, 0.0, 0.0], [0.0, 0.0, 0.0], [0.0, 0.0, 0.0], [0.0, 0.0, 0.0], [0.0, 0.0, 0.0], [0.0, 0.0, 0.0], [0.0, 0.0, 0.0], [0.0, 0.0, 0.0], [0.0, 0.0, 0.0], [0.0, 0.0, 0.0], [0.0, 0.0, 0.0], [0.0, 0.0, 0.0], [0.0, 0.0, 0.0], [0.0, 0.0, 0.0], [0.0, 0.0, 0.0], [0.0, 0.0, 0.0], [0.0, 0.0, 0.0]]"
"[[0.847998304005088, 0.32982091628272336, -0.4148699068225112, -0.5000000000000001], [0.0, 0.7827749746443304, 0.6223048602337666, 0.7499999999999999], [0.5299989400031799, -0.5277134660523575, 0.663791850916018, 0.8000000000000002], [0.0, 0.0, 0.0, 1.0]]","[[0.0, 0.0, 0.0, 0.0], [0.0, 0.0, 0.0, 0.0], [0.0, 0.0, 0.0, 0.0], [0.0, 0.0, 0.0, 0.0]]","[[0.0, 0.0, 0.0, 0.0], [0.0, 0.0, 0.0, 0.0], [0.0, 0.0, 0.0, 0.0], [0.0, 0.0, 0.0, 0.0]]","[[0.0, 0.0, 0.0], [0.0, 0.0, 0.0], [0.0, 0.0, 0.0], [0.0, 0.0, 0.0], [0.0, 0.0, 0.0], [0.0, 0.0, 0.0], [0.0, 0.0, 0.0], [0.0, 0.0, 0.0], [0.0, 0.0, 0.0], [0.0, 0.0, 0.0], [0.0, 0.0, 0.0], [0.0, 0.0, 0.0], [0.0, 0.0, 0.0], [0.0, 0.0, 0.0], [0.0, 0.0, 0.0], [0.0, 0.0, 0.0], [0.0, 0.0, 0.0], [0.0, 0.0, 0.0], [0.0, 0.0, 0.0], [0.0, 0.0, 0.0], [0.0, 0.0, 0.0], [0.0, 0.0, 0.0], [0.0, 0.0, 0.0], [0.0, 0.0, 0.0], [0.0, 0.0, 0.0]]","[[0.0, 0.0, 0.0], [0.0, 0.0, 0.0], [0.0, 0.0, 0.0], [0.0, 0.0, 0.0], [0.0, 0.0, 0.0], [0.0, 0.0, 0.0], [0.0, 0.0, 0.0], [0.0, 0.0, 0.0], [0.0, 0.0, 0.0], [0.0, 0.0, 0.0], [0.0, 0.0, 0.0], [0.0, 0.0, 0.0], [0.0, 0.0, 0.0], [0.0, 0.0, 0.0], [0.0, 0.0, 0.0], [0.0, 0.0, 0.0], [0.0, 0.0, 0.0], [0.0, 0.0, 0.0], [0.0, 0.0, 0.0], [0.0, 0.0, 0.0], [0.0, 0.0, 0.0], [0.0, 0.0, 0.0], [0.0, 0.0, 0.0], [0.0, 0.0, 0.0], [0.0, 0.0, 0.0]]"
"[[1.0, 0.0, 0.0, 0.0], [0.0, 1.0, 0.0, 0.0], [0.0, 0.0, 1.0, 0.0], [0.0, 0.0, 0.0, 1.0]]","[[0.0, 0.0, 0.0, 0.0], [0.0, 0.0, 0.0, 0.0], [0.0, 0.0, 0.0, 0.0], [0.0, 0.0, 0.0, 0.0]]","[[0.0, 0.0, 0.0, 0.0], [0.0, 0.0, 0.0, 0.0], [0.0, 0.0, 0.0, 0.0], [0.0, 0.0, 0.0, 0.0]]","[[0.0, 0.0, 0.0], [0.0, 0.0, 0.0], [0.0, 0.0, 0.0], [0.0, 0.0, 0.0], [0.0, 0.0, 0.0], [0.0, 0.0, 0.0], [0.0, 0.0, 0.0], [0.0, 0.0, 0.0], [0.0, 0.0, 0.0], [0.0, 0.0, 0.0], [0.0, 0.0, 0.0], [0.0, 0.0, 0.0], [0.0, 0.0, 0.0], [0.0, 0.0, 0.0], [0.0, 0.0, 0.0], [0.0, 0.0, 0.0], [0.0, 0.0, 0.0], [0.0, 0.0, 0.0], [0.0, 0.0, 0.0], [0.0, 0.0, 0.0], [0.0, 0.0, 0.0], [0.0, 0.0, 0.0], [0.0, 0.0, 0.0], [0.0, 0.0, 0.0], [0.0, 0.0, 0.0]]","[[0.0, 0.0, 0.0], [0.0, 0.0, 0.0], [0.0, 0.0, 0.0], [0.0, 0.0, 0.0], [0.0, 0.0, 0.0], [0.0, 0.0, 0.0], [0.0, 0.0, 0.0], [0.0, 0.0, 0.0], [0.0, 0.0, 0.0], [0.0, 0.0, 0.0], [0.0, 0.0, 0.0], [0.0, 0.0, 0.0], [0.0, 0.0, 0.0], [0.0, 0.0, 0.0], [0.0, 0.0, 0.0], [0.0, 0.0, 0.0], [0.0, 0.0, 0.0], [0.0, 0.0, 0.0], [0.0, 0.0, 0.0], [0.0, 0.0, 0.0], [0.0, 0.0, 0.0], [0.0, 0.0, 0.0], [0.0, 0.0, 0.0], [0.0, 0.0, 0.0], [0.0, 0.0, 0.0]]"
"[[0.9997858405145957, 0.020558310833630453, -0.0023824495376765548, -0.0008345831584918806], [-0.020645737487020602, 0.9987421035290958, -0.045694629626715416, 1.037818259347535], [0.0014400482530027821, 0.04573403022960403, 0.9989526272262939, -0.015422305325413669], [0.0, 0.0, 0.0, 1.0]]","[[0.0, 0.0, 0.0, 0.0], [0.0, 0.0, 0.0, 0.0], [0.0, 0.0, 0.0, 0.0], [0.0, 0.0, 0.0, 0.0]]","[[0.0, 0.0, 0.0, 0.0], [0.0, 0.0, 0.0, 0.0], [0.0, 0.0, 0.0, 0.0], [0.0, 0.0, 0.0, 0.0]]","[[0.0, 0.0, 0.0], [0.0, 0.0, 0.0], [0.0, 0.0, 0.0], [0.0, 0.0, 0.0], [0.0, 0.0, 0.0], [0.0, 0.0, 0.0], [0.0, 0.0, 0.0], [0.0, 0.0, 0.0], [0.0, 0.0, 0.0], [0.0, 0.0, 0.0], [0.0, 0.0, 0.0], [0.0, 0.0, 0.0], [0.0, 0.0, 0.0], [0.0, 0.0, 0.0], [0.0, 0.0, 0.0], [0.0, 0.0, 0.0], [0.0, 0.0, 0.0], [0.0, 0.0, 0.0], [0.0, 0.0, 0.0], [0.0, 0.0, 0.0], [0.0, 0.0, 0.0], [0.0, 0.0, 0.0], [0.0, 0.0, 0.0], [0.0, 0.0, 0.0], [0.0, 0.0, 0.0]]","[[0.0, 0.0, 0.0], [0.0, 0.0, 0.0], [0.0, 0.0, 0.0], [0.0, 0.0, 0.0], [0.0, 0.0, 0.0], [0.0, 0.0, 0.0], [0.0, 0.0, 0.0], [0.0, 0.0, 0.0], [0.0, 0.0, 0.0], [0.0, 0.0, 0.0], [0.0, 0.0, 0.0], [0.0, 0.0, 0.0], [0.0, 0.0, 0.0], [0.0, 0.0, 0.0], [0.0, 0.0, 0.0], [0.0, 0.0, 0.0], [0.0, 0.0, 0.0], [0.0, 0.0, 0.0], [0.0, 0.0, 0.0], [0.0, 0.0, 0.0], [0.0, 0.0, 0.0], [0.0, 0.0, 0.0], [0.0, 0.0, 0.0], [0.0, 0.0, 0.0], [0.0, 0.0, 0.0]]"
"[[0.9998086094806173, 0.019257642074580333, -0.003453793439273444, -0.0005528848571998686], [-0.01939836356127725, 0.9987140893883673, -0.04683887936912805, 1.0379945396947543], [0.0025473458532200197, 0.04689691237367363, 0.9988964796168689, -0.015313165858601811], [0.0, 0.0, 0.0, 1.0]]","[[0.0, 0.0, 0.0, 0.0], [0.0, 0.0, 0.0, 0.0], [0.0, 0.0, 0.0, 0.0], [0.0, 0.0, 0.0, 0.0]]","[[0.0, 0.0, 0.0, 0.0], [0.0, 0.0, 0.0, 0.0], [0.0, 0.0, 0.0, 0.0], [0.0, 0.0, 0.0, 0.0]]","[[0.0, 0.0, 0.0], [0.0, 0.0, 0.0], [0.0, 0.0, 0.0], [0.0, 0.0, 0.0], [0.0, 0.0, 0.0], [0.0, 0.0, 0.0], [0.0, 0.0, 0.0], [0.0, 0.0, 0.0], [0.0, 0.0, 0.0], [0.0, 0.0, 0.0], [0.0, 0.0, 0.0], [0.0, 0.0, 0.0], [0.0, 0.0, 0.0], [0.0, 0.0, 0.0], [0.0, 0.0, 0.0], [0.0, 0.0, 0.0], [0.0, 0.0, 0.0], [0.0, 0.0, 0.0], [0.0, 0.0, 0.0], [0.0, 0.0, 0.0], [0.0, 0.0, 0.0], [0.0, 0.0, 0.0], [0.0, 0.0, 0.0], [0.0, 0.0, 0.0], [0.0, 0.0, 0.0]]","[[0.0, 0.0, 0.0], [0.0, 0.0, 0.0], [0.0, 0.0, 0.0], [0.0, 0.0, 0.0], [0.0, 0.0, 0.0], [0.0, 0.0, 0.0], [0.0, 0.0, 0.0], [0.0, 0.0, 0.0], [0.0, 0.0, 0.0], [0.0, 0.0, 0.0], [0.0, 0.0, 0.0], [0.0, 0.0, 0.0], [0.0, 0.0, 0.0], [0.0, 0.0, 0.0], [0.0, 0.0, 0.0], [0.0, 0.0, 0.0], [0.0, 0.0, 0.0], [0.0, 0.0, 0.0], [0.0, 0.0, 0.0], [0.0, 0.0, 0.0], [0.0, 0.0, 0.0], [0.0, 0.0, 0.0], [0.0, 0.0, 0.0], [0.0, 0.0, 0.0], [0.0, 0.0, 0.0]]"
"[[0.9998136162637146, 0.018962904186030676, -0.003622873872399782, -0.0004471664728401976], [-0.019113887726286607, 0.9986847042850276, -0.04757624427941905, 1.0380484027941381], [0.002715925034254338, 0.0476366250667228, 0.9988610148736908, -0.015272177291446344], [0.0, 0.0, 0.0, 1.0]]","[[0.0, 0.0, 0.0, 0.0], [0.0, 0.0, 0.0, 0.0], [0.0, 0.0, 0.0, 0.0], [0.0, 0.0, 0.0, 0.0]]","[[0.0, 0.0, 0.0, 0.0], [0.0, 0.0, 0.0, 0.0], [0.0, 0.0, 0.0, 0.0], [0.0, 0.0, 0.0, 0.0]]","[[0.0, 0.0, 0.0], [0.0, 0.0, 0.0], [0.0, 0.0, 0.0], [0.0, 0.0, 0.0], [0.0, 0.0, 0.0], [0.0, 0.0, 0.0], [0.0, 0.0, 0.0], [0.0, 0.0, 0.0], [0.0, 0.0, 0.0], [0.0, 0.0, 0.0], [0.0, 0.0, 0.0], [0.0, 0.0, 0.0], [0.0, 0.0, 0.0], [0.0, 0.0, 0.0], [0.0, 0.0, 0.0], [0.0, 0.0, 0.0], [0.0, 0.0, 0.0], [0.0, 0.0, 0.0], [0.0, 0.0, 0.0], [0.0, 0.0, 0.0], [0.0, 0.0, 0.0], [0.0, 0.0, 0.0], [0.0, 0.0, 0.0], [0.0, 0.0, 0.0], [0.0, 0.0, 0.0]]","[[0.0, 0.0, 0.0], [0.0, 0.0, 0.0], [0.0, 0.0, 0.0], [0.0, 0.0, 0.0], [0.0, 0.0, 0.0], [0.0, 0.0, 0.0], [0.0, 0.0, 0.0], [0.0, 0.0, 0.0], [0.0, 0.0, 0.0], [0.0, 0.0, 0.0], [0.0, 0.0, 0.0], [0.0, 0.0, 0.0], [0.0, 0.0, 0.0], [0.0, 0.0, 0.0], [0.0, 0.0, 0.0], [0.0, 0.0, 0.0], [0.0, 0.0, 0.0], [0.0, 0.0, 0.0], [0.0, 0.0, 0.0], [0.0, 0.0, 0.0], [0.0, 0.0, 0.0], [0.0, 0.0, 0.0], [0.0, 0.0, 0.0], [0.0, 0.0, 0.0], [0.0, 0.0, 0.0]]"
"[[0.9997767210049383, 0.02047234981452467, -0.005229122889956692, 0.00011514522473453569], [-0.020706694357643107, 0.9985550642205374, -0.04958821135508034, 1.0384161739981757], [0.004206379922309657, 0.04968541813148045, 0.9987560510402324, -0.0151408747039509], [0.0, 0.0, 0.0, 1.0]]","[[0.4742744565010071, -0.29752346873283386, -0.8285791277885437, -0.19264470040798187], [0.48644566535949707, 0.8730079531669617, -0.03503786399960518, 0.6962675452232361], [0.7337807416915894, -0.3864412307739258, 0.5587744116783142, -0.12210068106651306], [0.0, 0.0, 0.0, 1.0]]","[[0.33122116327285767, 0.9411758184432983, 0.0669366791844368, 0.19834701716899872], [-0.5287265777587891, 0.24389155209064484, -0.8129975199699402, 0.7442619800567627], [-0.7814989686012268, 0.23389072716236115, 0.578406810760498, -0.15994273126125336], [0.0, 0.0, 0.0, 1.0]]","[[-0.19264470040798187, 0.6962675452232361, -0.12210068106651306], [-0.16526231169700623, 0.6958903074264526, -0.11874722689390182], [-0.1126694455742836, 0.6831730008125305, -0.11952213943004608], [-0.08658384531736374, 0.6715312004089355, -0.13250041007995605], [-0.06256720423698425, 0.6613824367523193, -0.14359718561172485], [-0.16815674304962158, 0.7036418914794922, -0.12506049871444702], [-0.10376107692718506, 0.7108758091926575, -0.15397250652313232], [-0.07460149377584457, 0.681632399559021, -0.16545677185058594], [-0.0710643082857132, 0.6590235233306885, -0.15967825055122375], [-0.07413807511329651, 0.6403394937515259, -0.1502864956855774], [-0.1726359724998474, 0.6977986693382263, -0.13434283435344696], [-0.1119106337428093, 0.7034911513328552, -0.16756883263587952], [-0.08277813345193863, 0.6659845113754272, -0.17247851192951202], [-0.09251837432384491, 0.641407310962677, -0.16064730286598206], [-0.10598182678222656, 0.6335218548774719, -0.14479751884937286], [-0.17620643973350525, 0.6919054985046387, -0.14110226929187775], [-0.12190400063991547, 0.692966103553772, -0.17931661009788513], [-0.09749224036931992, 0.6592170000076294, -0.18001991510391235], [-0.10822772979736328, 0.637631893157959, -0.16665945947170258], [-0.12524943053722382, 0.6337020397186279, -0.15295825898647308], [-0.17950347065925598, 0.686640739440918, -0.1474449634552002], [-0.13790854811668396, 0.6828358769416809, -0.18553249537944794], [-0.11862123012542725, 0.6552450060844421, -0.1854003369808197], [-0.12298572063446045, 0.639738917350769, -0.17517387866973877], [-0.13815811276435852, 0.6346986889839172, -0.16223224997520447]]","[[0.19834701716899872, 0.7442619800567627, -0.15994273126125336], [0.1804012954235077, 0.7687287330627441, -0.1606849581003189], [0.14086875319480896, 0.8007042407989502, -0.1826561987400055], [0.12424631416797638, 0.8187417387962341, -0.20400293171405792], [0.10972504317760468, 0.8346037864685059, -0.2246253937482834], [0.1907404512166977, 0.7703382968902588, -0.16070899367332458], [0.18187439441680908, 0.8348826169967651, -0.19240349531173706], [0.16462364792823792, 0.8558164834976196, -0.22715730965137482], [0.1477026492357254, 0.8599820733070374, -0.24452413618564606], [0.1307922601699829, 0.8614851236343384, -0.2592337131500244], [0.19446851313114166, 0.7656955122947693, -0.17086796462535858], [0.189423069357872, 0.8217941522598267, -0.21075275540351868], [0.14741244912147522, 0.8224092125892639, -0.2360631376504898], [0.14150457084178925, 0.7985308170318604, -0.22024944424629211], [0.15611879527568817, 0.7905588746070862, -0.2042332887649536], [0.19701790809631348, 0.7595680356025696, -0.18050867319107056], [0.19482317566871643, 0.8079545497894287, -0.22541767358779907], [0.15590152144432068, 0.8061850070953369, -0.24295124411582947], [0.14997513592243195, 0.7844240665435791, -0.22777540981769562], [0.16740360856056213, 0.778766930103302, -0.2150326371192932], [0.20017217099666595, 0.7517141103744507, -0.1909971833229065], [0.1984158605337143, 0.789993166923523, -0.23391936719417572], [0.16691932082176208, 0.7871626615524292, -0.2476375252008438], [0.1601308286190033, 0.7736362814903259, -0.235764741897583], [0.17499572038650513, 0.769109308719635, -0.22255940735340118]]"
"[[0.9997604489242031, 0.021195068588585938, -0.005462422369988811, 0.00022857927661815164], [-0.021442111948399477, 0.9985170364289685, -0.050039715730271994, 1.038437005163533], [0.00439372671860253, 0.050144855267681386, 0.9987322688277578, -0.015097718245986321], [0.0, 0.0, 0.0, 1.0]]","[[0.4816440939903259, -0.2921908497810364, -0.8262224197387695, -0.19259953498840332], [0.49655359983444214, 0.8678308129310608, -0.017440957948565483, 0.6961559653282166], [0.7221173644065857, -0.4018633961677551, 0.563073992729187, -0.12207165360450745], [0.0, 0.0, 0.0, 1.0]]","[[0.28453007340431213, 0.9578604102134705, 0.03932085633277893, 0.1985512226819992], [-0.545795738697052, 0.1955743283033371, -0.8147746920585632, 0.745868444442749], [-0.788130521774292, 0.21036678552627563, 0.5784428119659424, -0.16052652895450592], [0.0, 0.0, 0.0, 1.0]]","[[-0.19259953498840332, 0.6961559653282166, -0.12207165360450745], [-0.1651654988527298, 0.6956303119659424, -0.11884023994207382], [-0.1126222088932991, 0.6824692487716675, -0.11957766860723495], [-0.0866144523024559, 0.6705360412597656, -0.13252420723438263], [-0.06266903877258301, 0.6601257920265198, -0.14359211921691895], [-0.16802747547626495, 0.7032930850982666, -0.12529511749744415], [-0.10358094424009323, 0.7094813585281372, -0.15466517210006714], [-0.07465565204620361, 0.6797354817390442, -0.16573096811771393], [-0.07127081602811813, 0.6571803689002991, -0.15952199697494507], [-0.0744800791144371, 0.6386913657188416, -0.14973025023937225], [-0.17259739339351654, 0.697302520275116, -0.1344604194164276], [-0.11196162551641464, 0.7018696665763855, -0.16803090274333954], [-0.0830938071012497, 0.6640141010284424, -0.17237749695777893], [-0.0935729369521141, 0.6401426792144775, -0.15969696640968323], [-0.10784155130386353, 0.6342507004737854, -0.14368610084056854], [-0.17626294493675232, 0.6912996768951416, -0.1410810798406601], [-0.12215535342693329, 0.6911836266517639, -0.17948831617832184], [-0.09789560735225677, 0.6572879552841187, -0.17954504489898682], [-0.1093042641878128, 0.63653963804245, -0.16545601189136505], [-0.1269703209400177, 0.6347569823265076, -0.15215933322906494], [-0.1796659678220749, 0.685929536819458, -0.14727157354354858], [-0.1383243054151535, 0.681037962436676, -0.18546980619430542], [-0.11938674747943878, 0.6532048583030701, -0.18462762236595154], [-0.1243521198630333, 0.6383230090141296, -0.17378157377243042], [-0.14034190773963928, 0.6354148983955383, -0.16119004786014557]]","[[0.1985512226819992, 0.745868444442749, -0.16052652895450592], [0.1818186491727829, 0.7711576819419861, -0.1609058678150177], [0.14343565702438354, 0.8050751686096191, -0.18237414956092834], [0.12733611464500427, 0.8238541483879089, -0.20355236530303955], [0.11295031011104584, 0.8405858874320984, -0.22357556223869324], [0.19227677583694458, 0.7723181247711182, -0.16118066012859344], [0.1860288828611374, 0.8372099995613098, -0.1929142028093338], [0.16899161040782928, 0.8589698076248169, -0.22737079858779907], [0.15230152010917664, 0.8645212650299072, -0.24461954832077026], [0.13554340600967407, 0.8675081729888916, -0.25929680466651917], [0.19549651443958282, 0.7675400972366333, -0.17141000926494598], [0.1925150603055954, 0.8237190246582031, -0.21136149764060974], [0.14947596192359924, 0.8271564245223999, -0.23495815694332123], [0.14281800389289856, 0.8036510348320007, -0.21892611682415009], [0.15761849284172058, 0.7947767376899719, -0.20358631014823914], [0.19745856523513794, 0.7613021731376648, -0.18109481036663055], [0.19659890234470367, 0.8096051216125488, -0.226188063621521], [0.15679356455802917, 0.8103308081626892, -0.24188779294490814], [0.1501915156841278, 0.7889665365219116, -0.22647517919540405], [0.16792646050453186, 0.7823290228843689, -0.2146333009004593], [0.19991397857666016, 0.7532994747161865, -0.19163958728313446], [0.1988728940486908, 0.7914493680000305, -0.2347375750541687], [0.16647270321846008, 0.7906466126441956, -0.2466135025024414], [0.15951155126094818, 0.7775709629058838, -0.23435556888580322], [0.17500947415828705, 0.7722872495651245, -0.22216293215751648]]"
"[[0.9997439980299148, 0.02188350538557527, -0.005747741574695865, 0.00033562899704746096], [-0.02214397211724762, 0.9985020160550718, -0.05003329673098818, 1.0384017628200408], [0.004644227659055429, 0.05014776504350405, 0.9987310171456142, -0.01506354261197363], [0.0, 0.0, 0.0, 1.0]]","[[0.4816440939903259, -0.2921908497810364, -0.8262224197387695, -0.19259953498840332], [0.49655359983444214, 0.8678308129310608, -0.017440957948565483, 0.6961559653282166], [0.7221173644065857, -0.4018633961677551, 0.563073992729187, -0.12207165360450745], [0.0, 0.0, 0.0, 1.0]]","[[0.28453007340431213, 0.9578604102134705, 0.03932085633277893, 0.1985512226819992], [-0.545795738697052, 0.1955743283033371, -0.8147746920585632, 0.745868444442749], [-0.788130521774292, 0.21036678552627563, 0.5784428119659424, -0.16052652895450592], [0.0, 0.0, 0.0, 1.0]]","[[-0.19259953498840332, 0.6961559653282166, -0.12207165360450745], [-0.1651654988527298, 0.6956303119659424, -0.11884023994207382], [-0.1126222088932991, 0.6824692487716675, -0.11957766860723495], [-0.0866144523024559, 0.6705360412597656, -0.13252420723438263], [-0.06266903877258301, 0.6601257920265198, -0.14359211921691895], [-0.16802747547626495, 0.7032930850982666, -0.12529511749744415], [-0.10358094424009323, 0.7094813585281372, -0.15466517210006714], [-0.07465565204620361, 0.6797354817390442, -0.16573096811771393], [-0.07127081602811813, 0.6571803689002991, -0.15952199697494507], [-0.0744800791144371, 0.6386913657188416, -0.14973025023937225], [-0.17259739339351654, 0.697302520275116, -0.1344604194164276], [-0.11196162551641464, 0.7018696665763855, -0.16803090274333954], [-0.0830938071012497, 0.6640141010284424, -0.17237749695777893], [-0.0935729369521141, 0.6401426792144775, -0.15969696640968323], [-0.10784155130386353, 0.6342507004737854, -0.14368610084056854], [-0.17626294493675232, 0.6912996768951416, -0.1410810798406601], [-0.12215535342693329, 0.6911836266517639, -0.17948831617832184], [-0.09789560735225677, 0.6572879552841187, -0.17954504489898682], [-0.1093042641878128, 0.63653963804245, -0.16545601189136505], [-0.1269703209400177, 0.6347569823265076, -0.15215933322906494], [-0.1796659678220749, 0.685929536819458, -0.14727157354354858], [-0.1383243054151535, 0.681037962436676, -0.18546980619430542], [-0.11938674747943878, 0.6532048583030701, -0.18462762236595154], [-0.1243521198630333, 0.6383230090141296, -0.17378157377243042], [-0.14034190773963928, 0.6354148983955383, -0.16119004786014557]]","[[0.1985512226819992, 0.745868444442749, -0.16052652895450592], [0.1818186491727829, 0.7711576819419861, -0.1609058678150177], [0.14343565702438354, 0.8050751686096191, -0.18237414956092834], [0.12733611464500427, 0.8238541483879089, -0.20355236530303955], [0.11295031011104584, 0.8405858874320984, -0.22357556223869324], [0.19227677583694458, 0.7723181247711182, -0.16118066012859344], [0.1860288828611374, 0.8372099995613098, -0.1929142028093338], [0.16899161040782928, 0.8589698076248169, -0.22737079858779907], [0.15230152010917664, 0.8645212650299072, -0.24461954832077026], [0.13554340600967407, 0.8675081729888916, -0.25929680466651917], [0.19549651443958282, 0.7675400972366333, -0.17141000926494598], [0.1925150603055954, 0.8237190246582031, -0.21136149764060974], [0.14947596192359924, 0.8271564245223999, -0.23495815694332123], [0.14281800389289856, 0.8036510348320007, -0.21892611682415009], [0.15761849284172058, 0.7947767376899719, -0.20358631014823914], [0.19745856523513794, 0.7613021731376648, -0.18109481036663055], [0.19659890234470367, 0.8096051216125488, -0.226188063621521], [0.15679356455802917, 0.8103308081626892, -0.24188779294490814], [0.1501915156841278, 0.7889665365219116, -0.22647517919540405], [0.16792646050453186, 0.7823290228843689, -0.2146333009004593], [0.19991397857666016, 0.7532994747161865, -0.19163958728313446], [0.1988728940486908, 0.7914493680000305, -0.2347375750541687], [0.16647270321846008, 0.7906466126441956, -0.2466135025024414], [0.15951155126094818, 0.7775709629058838, -0.23435556888580322], [0.17500947415828705, 0.7722872495651245, -0.22216293215751648]]"
"[[0.9997167587399091, 0.02331953546543429, -0.004750723465113774, 0.0004002274364990409], [-0.023522564633294857, 0.9985480308322022, -0.048461247046248664, 1.038073979201765], [0.003613731843651398, 0.048559270988447915, 0.9988137483689582, -0.014977459160269477], [0.0, 0.0, 0.0, 1.0]]","[[0.47564634680747986, -0.2973499298095703, -0.8278546929359436, -0.1923760026693344], [0.5014262199401855, 0.8649061322212219, -0.02256222441792488, 0.6966124176979065], [0.7227254509925842, -0.4043765068054199, 0.5604885220527649, -0.12201344966888428], [0.0, 0.0, 0.0, 1.0]]","[[0.2495436817407608, 0.9681733250617981, 0.019191188737750053, 0.19766567647457123], [-0.5530782341957092, 0.15876594185829163, -0.8178616762161255, 0.7454603314399719], [-0.7948787808418274, 0.19347794353961945, 0.5750946998596191, -0.15900807082653046], [0.0, 0.0, 0.0, 1.0]]","[[-0.1923760026693344, 0.6966124176979065, -0.12201344966888428], [-0.1649656742811203, 0.6963052153587341, -0.11869747936725616], [-0.11235591769218445, 0.68352872133255, -0.1192416176199913], [-0.08623333275318146, 0.671825110912323, -0.13213442265987396], [-0.062167391180992126, 0.6616131067276001, -0.14316067099571228], [-0.1678633838891983, 0.7039340138435364, -0.12517309188842773], [-0.10339861363172531, 0.7105301022529602, -0.1543387770652771], [-0.07428430020809174, 0.6809288263320923, -0.16519102454185486], [-0.07080653309822083, 0.6584249138832092, -0.15890899300575256], [-0.0740019902586937, 0.6399710774421692, -0.14905577898025513], [-0.17236195504665375, 0.6978994011878967, -0.13433967530727386], [-0.11164825409650803, 0.702796459197998, -0.1677170842885971], [-0.08246766030788422, 0.6651946902275085, -0.17195749282836914], [-0.09320419281721115, 0.6416136622428894, -0.15906208753585815], [-0.10808777064085007, 0.6370104551315308, -0.14321652054786682], [-0.17595289647579193, 0.6918465495109558, -0.14095798134803772], [-0.12169478833675385, 0.6920172572135925, -0.17920511960983276], [-0.09714376926422119, 0.6583506464958191, -0.17906753718852997], [-0.10895922034978867, 0.6380059719085693, -0.1647728979587555], [-0.1272280216217041, 0.6379069089889526, -0.15222279727458954], [-0.17927400767803192, 0.68641197681427, -0.14714373648166656], [-0.13777732849121094, 0.6817203760147095, -0.1852329671382904], [-0.11887013167142868, 0.6539047956466675, -0.18385422229766846], [-0.12438244372606277, 0.6394973993301392, -0.17266805469989777], [-0.1411987841129303, 0.638426661491394, -0.16085126996040344]]","[[0.19766567647457123, 0.7454603314399719, -0.15900807082653046], [0.18185482919216156, 0.7713294625282288, -0.15900960564613342], [0.14417332410812378, 0.8064256310462952, -0.1800718903541565], [0.12828269600868225, 0.8254856467247009, -0.20114222168922424], [0.11546920239925385, 0.8414249420166016, -0.2228323370218277], [0.19240593910217285, 0.772205650806427, -0.15947267413139343], [0.18813666701316833, 0.8373404145240784, -0.19097474217414856], [0.17110320925712585, 0.8596761226654053, -0.22495543956756592], [0.15452274680137634, 0.8661545515060425, -0.24200870096683502], [0.13785623013973236, 0.8701288104057312, -0.2565650939941406], [0.19522801041603088, 0.767414391040802, -0.16977305710315704], [0.1937132477760315, 0.8236662149429321, -0.20956936478614807], [0.15018422901630402, 0.8291385769844055, -0.23193438351154327], [0.14291663467884064, 0.8058672547340393, -0.21587714552879333], [0.15772734582424164, 0.7962744235992432, -0.2010098248720169], [0.19673117995262146, 0.7611538171768188, -0.17951665818691254], [0.19689036905765533, 0.8094505071640015, -0.22451990842819214], [0.15665589272975922, 0.8120798468589783, -0.23900751769542694], [0.14952459931373596, 0.7909786701202393, -0.2235286682844162], [0.16741403937339783, 0.7836362719535828, -0.21235868334770203], [0.198647141456604, 0.7531000375747681, -0.19013652205467224], [0.19824324548244476, 0.7912433743476868, -0.23316265642642975], [0.165395587682724, 0.7921265363693237, -0.24392402172088623], [0.15819397568702698, 0.7793453931808472, -0.2315102070569992], [0.17404797673225403, 0.7734543085098267, -0.2200814038515091]]"
"[[0.9997167587399091, 0.02331953546543429, -0.004750723465113774, 0.0004002274364990409], [-0.023522564633294857, 0.9985480308322022, -0.048461247046248664, 1.038073979201765], [0.003613731843651398, 0.048559270988447915, 0.9988137483689582, -0.014977459160269477], [0.0, 0.0, 0.0, 1.0]]","[[0.4751593768596649, -0.29949504137039185, -0.8273609280586243, -0.19212749600410461], [0.50621098279953, 0.862144947052002, -0.021365826949477196, 0.6967215538024902], [0.7197039723396301, -0.40866711735725403, 0.5612639784812927, -0.12190225720405579], [0.0, 0.0, 0.0, 1.0]]","[[0.24822898209095, 0.9684707522392273, 0.021140383556485176, 0.19745546579360962], [-0.5566191673278809, 0.1604602187871933, -0.8151243329048157, 0.7437002658843994], [-0.7928162217140198, 0.1905703842639923, 0.5789002180099487, -0.15907742083072662], [0.0, 0.0, 0.0, 1.0]]","[[-0.19212749600410461, 0.6967215538024902, -0.12190225720405579], [-0.16471190750598907, 0.6964977979660034, -0.11861009895801544], [-0.11207989603281021, 0.6838011145591736, -0.11910255998373032], [-0.08593966066837311, 0.6720713973045349, -0.1319461464881897], [-0.06185111403465271, 0.6618365049362183, -0.14293217658996582], [-0.16763077676296234, 0.7040887475013733, -0.12512369453907013], [-0.10319791734218597, 0.7106677889823914, -0.15436972677707672], [-0.07402393221855164, 0.6810668110847473, -0.16509121656417847], [-0.0704924538731575, 0.6585949063301086, -0.15869151055812836], [-0.07365425676107407, 0.6401832103729248, -0.14872819185256958], [-0.17212505638599396, 0.6979982852935791, -0.13425859808921814], [-0.11144008487462997, 0.7028190493583679, -0.16769270598888397], [-0.0821736603975296, 0.665243923664093, -0.1717625856399536], [-0.09327555447816849, 0.6420276165008545, -0.15851789712905884], [-0.10865189135074615, 0.6387473940849304, -0.1428307294845581], [-0.17570815980434418, 0.6918944120407104, -0.1408378779888153], [-0.12146655470132828, 0.6919506788253784, -0.17911669611930847], [-0.09684117883443832, 0.6583348512649536, -0.17882511019706726], [-0.1091318130493164, 0.6384533643722534, -0.16425476968288422], [-0.12777087092399597, 0.6398943662643433, -0.15238668024539948], [-0.1790202260017395, 0.6864016652107239, -0.14697876572608948], [-0.1375420093536377, 0.6815879940986633, -0.18507061898708344], [-0.11859926581382751, 0.6538089513778687, -0.18352334201335907], [-0.12440676242113113, 0.6397140622138977, -0.1721077561378479], [-0.1416563093662262, 0.6399226784706116, -0.16086523234844208]]","[[0.19745546579360962, 0.7437002658843994, -0.15907742083072662], [0.18162347376346588, 0.7695590257644653, -0.15915247797966003], [0.1438387781381607, 0.8045364618301392, -0.18030638992786407], [0.1278519183397293, 0.8234205842018127, -0.201456218957901], [0.11495237797498703, 0.8392077684402466, -0.2232254445552826], [0.19218577444553375, 0.7704716920852661, -0.15964768826961517], [0.18780829012393951, 0.8354527950286865, -0.19146010279655457], [0.1695224791765213, 0.8568727374076843, -0.22541916370391846], [0.1521894931793213, 0.8623398542404175, -0.2420862317085266], [0.1349509358406067, 0.8653467893600464, -0.25620102882385254], [0.19497595727443695, 0.765651524066925, -0.16993118822574615], [0.19333705306053162, 0.821666955947876, -0.20999249815940857], [0.1497107744216919, 0.826991081237793, -0.23228827118873596], [0.14250490069389343, 0.803787350654602, -0.2160843014717102], [0.15737192332744598, 0.7942866086959839, -0.20120194554328918], [0.1964469850063324, 0.7593458294868469, -0.17964954674243927], [0.19648392498493195, 0.8073980808258057, -0.22490331530570984], [0.15618407726287842, 0.8099105954170227, -0.2393026351928711], [0.14911408722400665, 0.7888764142990112, -0.2236858457326889], [0.16712290048599243, 0.7817109823226929, -0.21258723735809326], [0.19833232462406158, 0.7512385845184326, -0.19023752212524414], [0.19782762229442596, 0.7891387343406677, -0.23345720767974854], [0.1649022400379181, 0.7898353338241577, -0.2440304458141327], [0.15775862336158752, 0.7771046757698059, -0.231512188911438], [0.17373542487621307, 0.7713773846626282, -0.2201717644929886]]"
"[[0.9997812509569831, 0.02058640505954688, 0.003686667186426101, -0.001955280972533899], [-0.020408587420135096, 0.9988626241995853, -0.04309218827113301, 1.0372324002772533], [-0.004569587065620256, 0.04300752204433294, 0.9990643262519412, -0.01596070969517944], [0.0, 0.0, 0.0, 1.0]]","[[0.4731486141681671, -0.30736297369003296, -0.8256260752677917, -0.19214902818202972], [0.5034127235412598, 0.8634181022644043, -0.03293708711862564, 0.6964699029922485], [0.7229841351509094, -0.40004652738571167, 0.5632554888725281, -0.12160992622375488], [0.0, 0.0, 0.0, 1.0]]","[[0.15706083178520203, 0.9854070544242859, 0.06560947746038437, 0.19413922727108002], [-0.6411734819412231, 0.15227268636226654, -0.7521365284919739, 0.7358694672584534], [-0.7511512637138367, 0.07606405019760132, 0.6557331085205078, -0.15894874930381775], [0.0, 0.0, 0.0, 1.0]]","[[-0.19214902818202972, 0.6964699029922485, -0.12160992622375488], [-0.16472740471363068, 0.6964219212532043, -0.11838860809803009], [-0.11202120035886765, 0.6839605569839478, -0.11902043223381042], [-0.08580759912729263, 0.6725019216537476, -0.1320057064294815], [-0.06161999702453613, 0.6624920964241028, -0.14313219487667084], [-0.16772210597991943, 0.7040451765060425, -0.12482541054487228], [-0.10344540327787399, 0.7113559246063232, -0.15416812896728516], [-0.07414322346448898, 0.6820803284645081, -0.16526027023792267], [-0.07043887674808502, 0.6595781445503235, -0.15909038484096527], [-0.07349949330091476, 0.6410744786262512, -0.14925695955753326], [-0.17219658195972443, 0.6980052590370178, -0.13399887084960938], [-0.11163333803415298, 0.7035752534866333, -0.16755451261997223], [-0.08210974931716919, 0.6662824749946594, -0.17203035950660706], [-0.09309783577919006, 0.6429383158683777, -0.1589101254940033], [-0.10850780457258224, 0.6396501660346985, -0.14324775338172913], [-0.17574629187583923, 0.6919335722923279, -0.14062638580799103], [-0.12159861624240875, 0.6927339434623718, -0.1790556162595749], [-0.09669726341962814, 0.6593031883239746, -0.1791098415851593], [-0.10912756621837616, 0.6394566297531128, -0.16455943882465363], [-0.1278889924287796, 0.6412789821624756, -0.15292716026306152], [-0.17901919782161713, 0.6864674091339111, -0.14682048559188843], [-0.13767674565315247, 0.6822549104690552, -0.1851075440645218], [-0.11863386631011963, 0.6545313596725464, -0.1836210936307907], [-0.12468842417001724, 0.6406216025352478, -0.17209288477897644], [-0.14221344888210297, 0.6416088342666626, -0.16128908097743988]]","[[0.19413922727108002, 0.7358694672584534, -0.15894874930381775], [0.17873969674110413, 0.7618662118911743, -0.16006745398044586], [0.13938510417938232, 0.7972173690795898, -0.17769871652126312], [0.12278232723474503, 0.8138750791549683, -0.20012688636779785], [0.1103864461183548, 0.8261461853981018, -0.22437074780464172], [0.1892753541469574, 0.7626059055328369, -0.16173966228961945], [0.1820777952671051, 0.8243168592453003, -0.19894123077392578], [0.1620868444442749, 0.8433199524879456, -0.2333243191242218], [0.1410539448261261, 0.8441274762153625, -0.24599488079547882], [0.12039145827293396, 0.8414797186851501, -0.25429147481918335], [0.19086626172065735, 0.7567616105079651, -0.17166869342327118], [0.18610769510269165, 0.8082833886146545, -0.21700403094291687], [0.14803704619407654, 0.8196252584457397, -0.24608106911182404], [0.13061830401420593, 0.8015983700752258, -0.23102900385856628], [0.13236573338508606, 0.7876483798027039, -0.2125086635351181], [0.19118906557559967, 0.7494364380836487, -0.18075497448444366], [0.18750429153442383, 0.7924947142601013, -0.2305130511522293], [0.1501293182373047, 0.8000526428222656, -0.2500382661819458], [0.13743148744106293, 0.7820098400115967, -0.2339886873960495], [0.143302321434021, 0.7681395411491394, -0.21734827756881714], [0.19183401763439178, 0.740209698677063, -0.19055505096912384], [0.18771757185459137, 0.7732793092727661, -0.23738950490951538], [0.1551787257194519, 0.7770536541938782, -0.24832066893577576], [0.14443886280059814, 0.7669050693511963, -0.23590248823165894], [0.150186225771904, 0.7559893131256104, -0.21958661079406738]]"
"[[0.9997835755431452, 0.020253662393984687, 0.004752284529511839, -0.0020253724744917472], [-0.020032213626804473, 0.998884677852537, -0.04275704484900649, 1.0371097397427798], [-0.005612970647509196, 0.042652592691572365, 0.9990742206835476, -0.015961367305189225], [0.0, 0.0, 0.0, 1.0]]","[[0.47251319885253906, -0.3100239932537079, -0.824994683265686, -0.19220133125782013], [0.503308117389679, 0.8633496761322021, -0.03616921231150627, 0.6972675323486328], [0.7234722375869751, -0.3981361389160156, 0.5639817714691162, -0.1216932088136673], [0.0, 0.0, 0.0, 1.0]]","[[0.16162848472595215, 0.9845654368400574, 0.06713318824768066, 0.19480666518211365], [-0.6413789391517639, 0.15650393068790436, -0.7510921359062195, 0.7355128526687622], [-0.7500060200691223, 0.07833996415138245, 0.6567752361297607, -0.15925513207912445], [0.0, 0.0, 0.0, 1.0]]","[[-0.19220133125782013, 0.6972675323486328, -0.1216932088136673], [-0.16477572917938232, 0.69728684425354, -0.11849840730428696], [-0.1120259091258049, 0.6849537491798401, -0.11920056492090225], [-0.08578891307115555, 0.6735830307006836, -0.132232666015625], [-0.06157925724983215, 0.6636521816253662, -0.14340168237686157], [-0.16779616475105286, 0.7049146890640259, -0.12491852045059204], [-0.1035609170794487, 0.712436854839325, -0.15430453419685364], [-0.07424438744783401, 0.6832134127616882, -0.16551636159420013], [-0.07050497084856033, 0.6606958508491516, -0.1594046801328659], [-0.07352985441684723, 0.6421614289283752, -0.14960724115371704], [-0.17226532101631165, 0.6988821029663086, -0.13409991562366486], [-0.11174037307500839, 0.7046470046043396, -0.16769368946552277], [-0.08212009072303772, 0.6674294471740723, -0.17226509749889374], [-0.09298443794250488, 0.6440118551254272, -0.15921178460121155], [-0.108212411403656, 0.6402210593223572, -0.14346356689929962], [-0.17580436170101166, 0.6928083300590515, -0.14073388278484344], [-0.12168574333190918, 0.6937970519065857, -0.17920531332492828], [-0.09669435024261475, 0.660423755645752, -0.1793438345193863], [-0.10897546261548996, 0.6404659748077393, -0.16485202312469482], [-0.1275840401649475, 0.6414879560470581, -0.1528361737728119], [-0.17906342446804047, 0.687332808971405, -0.1469312310218811], [-0.1377415806055069, 0.6832865476608276, -0.18526305258274078], [-0.11859636753797531, 0.6556180715560913, -0.18388712406158447], [-0.12454663962125778, 0.6416324973106384, -0.17240971326828003], [-0.14183758199214935, 0.6418308019638062, -0.16120606660842896]]","[[0.19480666518211365, 0.7355128526687622, -0.15925513207912445], [0.1793128401041031, 0.7614434957504272, -0.16042624413967133], [0.1398618370294571, 0.7969915270805359, -0.17739884555339813], [0.12330792844295502, 0.813768208026886, -0.19977205991744995], [0.11096121370792389, 0.8261770009994507, -0.22397476434707642], [0.189854696393013, 0.7622324228286743, -0.16208237409591675], [0.18245424330234528, 0.8239091634750366, -0.1993078738451004], [0.1626938432455063, 0.842987060546875, -0.23378223180770874], [0.14165399968624115, 0.8436905145645142, -0.24644705653190613], [0.12096616625785828, 0.8408312201499939, -0.25461098551750183], [0.19149120151996613, 0.7563810348510742, -0.17200277745723724], [0.18672147393226624, 0.8078416585922241, -0.2174220085144043], [0.149534210562706, 0.8196633458137512, -0.24743665754795074], [0.13067097961902618, 0.8021665811538696, -0.23359930515289307], [0.13078626990318298, 0.787983238697052, -0.21518318355083466], [0.19186513125896454, 0.7490414977073669, -0.18107956647872925], [0.18816827237606049, 0.7920377254486084, -0.23091387748718262], [0.151551753282547, 0.8002257347106934, -0.2516072988510132], [0.1376827508211136, 0.7824907898902893, -0.23619896173477173], [0.1418519914150238, 0.7682504057884216, -0.21935266256332397], [0.19257232546806335, 0.7398017048835754, -0.19086644053459167], [0.18847885727882385, 0.7728068232536316, -0.23777198791503906], [0.15643393993377686, 0.7773032188415527, -0.24987006187438965], [0.1445736587047577, 0.7675120234489441, -0.23820891976356506], [0.1480991691350937, 0.7561356425285339, -0.22157321870326996]]"
